date	JPY	GBP	USD
4.1.1999	133,81	0,7128	1,1796
5.1.1999	131,08	0,7129	1,1803
6.1.1999	131,37	0,706	1,1752
7.1.1999	129,8	0,706	1,1666
8.1.1999	130,46	0,7094	1,1655
11.1.1999	126,13	0,7051	1,1589
12.1.1999	129,25	0,7062	1,149
13.1.1999	131,06	0,7089	1,1691
14.1.1999	132,81	0,7064	1,1653
15.1.1999	131,15	0,703	1,1642
18.1.1999	132,86	0,7004	1,1576
19.1.1999	132,4	0,7006	1,1627
20.1.1999	131,65	0,7013	1,1578
21.1.1999	130,3	0,7036	1,1567
22.1.1999	131,88	0,7003	1,1571
25.1.1999	132,78	0,6987	1,1586
26.1.1999	131,43	0,6973	1,1569
27.1.1999	131,72	0,6966	1,1523
28.1.1999	132,12	0,6927	1,142
29.1.1999	132,32	0,691	1,1384
1.2.1999	131,11	0,6921	1,137
2.2.1999	128	0,687	1,1307
3.2.1999	127,15	0,6924	1,133
4.2.1999	127,95	0,6878	1,1267
5.2.1999	127,45	0,6893	1,1313
8.2.1999	127,82	0,689	1,1256
9.2.1999	129,96	0,6904	1,1318
10.2.1999	130,6	0,6949	1,1337
11.2.1999	129,1	0,6971	1,1319
12.2.1999	128,58	0,6911	1,1243
15.2.1999	128,92	0,6898	1,1251
16.2.1999	131,55	0,6855	1,1186
17.2.1999	133,4	0,6884	1,1259
18.2.1999	134,58	0,6871	1,1235
19.2.1999	134,05	0,6842	1,1171
22.2.1999	134,26	0,6785	1,0988
23.2.1999	133,3	0,6787	1,0984
24.2.1999	133,58	0,6875	1,101
25.2.1999	132,88	0,6884	1,1033
26.2.1999	131,7	0,6875	1,102
1.3.1999	130,85	0,6836	1,0987
2.3.1999	131,07	0,6756	1,0873
3.3.1999	132,4	0,6766	1,0913
4.3.1999	133,52	0,6737	1,0847
5.3.1999	133,39	0,6739	1,0836
8.3.1999	132,51	0,6776	1,0909
9.3.1999	132,12	0,6761	1,0864
10.3.1999	131,92	0,6745	1,0956
11.3.1999	131,04	0,6712	1,0889
12.3.1999	130,66	0,6701	1,0931
15.3.1999	128,98	0,6742	1,0948
16.3.1999	128,63	0,6699	1,0868
17.3.1999	130,18	0,6745	1,0959
18.3.1999	130,03	0,6761	1,1
19.3.1999	127,83	0,6715	1,092
22.3.1999	127,7	0,6676	1,0862
23.3.1999	129,02	0,6708	1,09
24.3.1999	128,55	0,6671	1,0932
25.3.1999	128,61	0,6649	1,0892
26.3.1999	128,92	0,6662	1,0816
29.3.1999	129,13	0,6632	1,0747
30.3.1999	128,75	0,6627	1,0715
31.3.1999	127,79	0,6666	1,0737
1.4.1999	128,57	0,6687	1,0769
2.4.1999	128,57	0,6687	1,0769
5.4.1999	128,57	0,6687	1,0769
6.4.1999	130,13	0,6763	1,0721
7.4.1999	130,88	0,6769	1,0807
8.4.1999	130,63	0,6736	1,0805
9.4.1999	130,7	0,6721	1,0769
12.4.1999	130,2	0,6722	1,0853
13.4.1999	130,03	0,6687	1,0791
14.4.1999	128,67	0,6669	1,0791
15.4.1999	128,41	0,6681	1,0785
16.4.1999	126,62	0,6635	1,0683
19.4.1999	125,44	0,6575	1,0638
20.4.1999	125,57	0,6585	1,0649
21.4.1999	126,2	0,659	1,0593
22.4.1999	127,36	0,6597	1,06
23.4.1999	127,3	0,6583	1,0635
26.4.1999	126,27	0,6575	1,061
27.4.1999	127	0,6595	1,063
28.4.1999	127,23	0,6587	1,0657
29.4.1999	126,35	0,6565	1,0603
30.4.1999	126,88	0,6568	1,0591
3.5.1999	126,72	0,6569	1,0591
4.5.1999	128,05	0,6558	1,057
5.5.1999	128,89	0,6549	1,0669
6.5.1999	130,5	0,6608	1,0801
7.5.1999	130,16	0,6607	1,0783
10.5.1999	129,65	0,6594	1,0735
11.5.1999	130,1	0,662	1,0744
12.5.1999	128,8	0,6579	1,065
13.5.1999	128,8	0,6579	1,065
14.5.1999	130,24	0,6601	1,0663
17.5.1999	131,42	0,6592	1,0672
18.5.1999	131,4	0,6595	1,0688
19.5.1999	132,59	0,6593	1,0629
20.5.1999	132,11	0,6604	1,0642
21.5.1999	131,3	0,6586	1,0597
24.5.1999	131,3	0,6586	1,0597
25.5.1999	130,27	0,6636	1,0619
26.5.1999	128,79	0,6595	1,056
27.5.1999	127,82	0,6553	1,0453
28.5.1999	126,99	0,6541	1,0493
31.5.1999	127,07	0,6521	1,0456
1.6.1999	126,32	0,6511	1,0427
2.6.1999	125,36	0,6434	1,0368
3.6.1999	125,36	0,6434	1,0368
4.6.1999	125,44	0,6411	1,0305
7.6.1999	124,56	0,6408	1,0293
8.6.1999	126,03	0,6483	1,0391
9.6.1999	124,82	0,6527	1,0466
10.6.1999	124,65	0,6539	1,0454
11.6.1999	124,25	0,6533	1,0499
14.6.1999	125,72	0,648	1,0449
15.6.1999	125,29	0,6498	1,0393
16.6.1999	124,27	0,651	1,0335
17.6.1999	123,91	0,6504	1,0369
18.6.1999	122,7	0,6471	1,033
21.6.1999	126,38	0,6509	1,0363
22.6.1999	125,7	0,6494	1,0329
23.6.1999	125,98	0,6523	1,031
24.6.1999	126,18	0,6544	1,0372
25.6.1999	127,03	0,658	1,0491
28.6.1999	126,04	0,6568	1,0388
29.6.1999	125,45	0,6554	1,0357
30.6.1999	124,8	0,6558	1,0322
1.7.1999	124,92	0,6544	1,0342
2.7.1999	124,05	0,649	1,023
5.7.1999	125,17	0,6489	1,0232
6.7.1999	124,64	0,6511	1,0207
7.7.1999	124,85	0,656	1,0224
8.7.1999	124,87	0,6542	1,019
9.7.1999	124,65	0,6564	1,0191
12.7.1999	123,77	0,6523	1,0118
13.7.1999	123,6	0,6538	1,0165
14.7.1999	122,94	0,6531	1,0173
15.7.1999	122,91	0,6515	1,0198
16.7.1999	123	0,6505	1,0195
19.7.1999	121,73	0,6511	1,0152
20.7.1999	122,7	0,6596	1,0379
21.7.1999	124,62	0,6649	1,046
22.7.1999	124,01	0,6664	1,0521
23.7.1999	122,29	0,6635	1,0508
26.7.1999	123,7	0,6716	1,0683
27.7.1999	123,8	0,6681	1,0618
28.7.1999	122,82	0,6685	1,0595
29.7.1999	123,22	0,6668	1,0679
30.7.1999	123,27	0,6605	1,0692
2.8.1999	121,76	0,6597	1,0673
3.8.1999	122,82	0,659	1,0645
4.8.1999	123,53	0,664	1,0769
5.8.1999	123,54	0,6669	1,0791
6.8.1999	123,27	0,665	1,0739
9.8.1999	123,39	0,6657	1,0687
10.8.1999	123,35	0,6665	1,0753
11.8.1999	122,9	0,6623	1,0685
12.8.1999	123,35	0,6618	1,0632
13.8.1999	122,56	0,6614	1,0666
16.8.1999	121,37	0,6586	1,0578
17.8.1999	120,35	0,658	1,0516
18.8.1999	119,31	0,6564	1,0521
19.8.1999	117,31	0,6561	1,052
20.8.1999	119,06	0,6593	1,0677
23.8.1999	118,08	0,6587	1,0626
24.8.1999	117,4	0,6588	1,0514
25.8.1999	115,95	0,6581	1,0441
26.8.1999	116,43	0,6573	1,0452
27.8.1999	116,57	0,658	1,045
30.8.1999	116,13	0,6579	1,0445
31.8.1999	115,32	0,6577	1,0545
1.9.1999	116,09	0,6594	1,0621
2.9.1999	116,21	0,6631	1,0663
3.9.1999	117,46	0,6637	1,0687
6.9.1999	116,46	0,6608	1,0598
7.9.1999	117,25	0,6565	1,0536
8.9.1999	117,25	0,6582	1,0576
9.9.1999	115,3	0,6529	1,0586
10.9.1999	115,21	0,6462	1,0524
13.9.1999	110,1	0,6404	1,0337
14.9.1999	110,28	0,6467	1,036
15.9.1999	107,6	0,647	1,0373
16.9.1999	108,2	0,6431	1,0384
17.9.1999	111,27	0,6417	1,0401
20.9.1999	112,53	0,6417	1,0409
21.9.1999	109	0,6391	1,041
22.9.1999	109,74	0,6423	1,0507
23.9.1999	108,72	0,6392	1,0442
24.9.1999	109,34	0,636	1,0453
27.9.1999	109,76	0,6334	1,0435
28.9.1999	111,32	0,6368	1,047
29.9.1999	113,34	0,641	1,0551
30.9.1999	112,64	0,6473	1,0661
1.10.1999	113,37	0,6504	1,0735
4.10.1999	113,51	0,6474	1,0726
5.10.1999	113,83	0,6458	1,0676
6.10.1999	115,53	0,6502	1,0756
7.10.1999	115,3	0,6476	1,0699
8.10.1999	114,53	0,6434	1,064
11.10.1999	113,46	0,642	1,0625
12.10.1999	113,25	0,6448	1,0647
13.10.1999	115,93	0,6513	1,0769
14.10.1999	115,07	0,6498	1,0751
15.10.1999	114,8	0,6519	1,0862
18.10.1999	114,05	0,6508	1,0852
19.10.1999	114,36	0,6474	1,0817
20.10.1999	114,5	0,6464	1,0768
21.10.1999	114,52	0,6437	1,0771
22.10.1999	113,49	0,6427	1,077
25.10.1999	112,74	0,6427	1,0679
26.10.1999	111,41	0,6415	1,0644
27.10.1999	110,23	0,641	1,0604
28.10.1999	109,82	0,6412	1,0524
29.10.1999	109,72	0,6399	1,0453
1.11.1999	110,03	0,6409	1,0565
2.11.1999	110,15	0,639	1,0507
3.11.1999	109,23	0,637	1,05
4.11.1999	110,25	0,6383	1,0501
5.11.1999	109,6	0,6385	1,0397
8.11.1999	110,43	0,6411	1,0408
9.11.1999	109,57	0,6416	1,0414
10.11.1999	109,31	0,6419	1,0402
11.11.1999	109,29	0,6417	1,0403
12.11.1999	108,62	0,6399	1,0365
15.11.1999	108,26	0,6377	1,0319
16.11.1999	109,24	0,6365	1,0336
17.11.1999	109,5	0,64	1,0394
18.11.1999	109,87	0,6399	1,0391
19.11.1999	109,24	0,6367	1,0302
22.11.1999	108,59	0,6364	1,032
23.11.1999	107,97	0,6354	1,0319
24.11.1999	107,05	0,6328	1,0231
25.11.1999	106,23	0,6307	1,0191
26.11.1999	105,12	0,6283	1,0102
29.11.1999	103,27	0,6311	1,0113
30.11.1999	102,92	0,6308	1,0065
1.12.1999	103,27	0,6313	1,0098
2.12.1999	102,96	0,6301	1,0062
3.12.1999	102,55	0,6267	1,0027
6.12.1999	103,75	0,6312	1,0145
7.12.1999	105,18	0,6297	1,0225
8.12.1999	104,97	0,6305	1,0228
9.12.1999	104,9	0,628	1,0191
10.12.1999	103,89	0,625	1,0147
13.12.1999	103,9	0,6238	1,013
14.12.1999	104	0,6213	1,005
15.12.1999	104	0,6213	1,005
16.12.1999	104,44	0,6275	1,0157
17.12.1999	104,88	0,6312	1,0175
20.12.1999	103,67	0,6269	1,0068
21.12.1999	103,08	0,6276	1,0089
22.12.1999	102,33	0,6252	1,0075
23.12.1999	102,6	0,6271	1,0092
24.12.1999	102,6	0,6271	1,0092
27.12.1999	103,75	0,6268	1,0118
28.12.1999	103,66	0,6256	1,0121
29.12.1999	103,15	0,6236	1,0097
30.12.1999	102,48	0,62	1,0028
31.12.1999	102,48	0,62	1,0028
3.1.2000	102,7	0,6242	1,0083
4.1.2000	106,12	0,6287	1,0316
5.1.2000	106,93	0,6313	1,0349
6.1.2000	108,97	0,6302	1,0392
7.1.2000	108,17	0,625	1,0282
10.1.2000	106,88	0,6248	1,022
11.1.2000	108,86	0,6267	1,0284
12.1.2000	109,07	0,6259	1,0304
13.1.2000	108,92	0,6253	1,0282
14.1.2000	108,12	0,6226	1,0233
17.1.2000	105,8	0,6186	1,0099
18.1.2000	106,01	0,6168	1,0075
19.1.2000	107,11	0,6169	1,0099
20.1.2000	106,54	0,6138	1,0101
21.1.2000	106,06	0,612	1,0124
24.1.2000	105,57	0,6075	1,0043
25.1.2000	105,95	0,6086	1,0016
26.1.2000	105,88	0,6093	1,001
27.1.2000	105,65	0,6107	1,0003
28.1.2000	103,37	0,605	0,9855
31.1.2000	104,72	0,6045	0,9809
1.2.2000	104,26	0,6017	0,9689
2.2.2000	105,72	0,6047	0,9725
3.2.2000	105,81	0,6091	0,9748
4.2.2000	106,2	0,6205	0,9852
7.2.2000	105,95	0,6145	0,9785
8.2.2000	107,64	0,6175	0,9861
9.2.2000	107,89	0,6145	0,9908
10.2.2000	107,22	0,6145	0,9883
11.2.2000	107,46	0,6134	0,9799
14.2.2000	106,98	0,6217	0,9885
15.2.2000	106,83	0,6183	0,9814
16.2.2000	106,87	0,613	0,9808
17.2.2000	109,35	0,6156	0,992
18.2.2000	109,34	0,615	0,9866
21.2.2000	109,7	0,6165	0,985
22.2.2000	110,96	0,6222	0,9993
23.2.2000	111,73	0,6256	1,0057
24.2.2000	110,07	0,621	0,9931
25.2.2000	109,05	0,6163	0,9819
28.2.2000	105,47	0,6084	0,9672
29.2.2000	107,13	0,6121	0,9738
1.3.2000	105,42	0,6114	0,9681
2.3.2000	103,76	0,6132	0,9706
3.3.2000	103,93	0,6111	0,9647
6.3.2000	103,15	0,6104	0,9627
7.3.2000	103,28	0,6096	0,9592
8.3.2000	102,12	0,6052	0,9545
9.3.2000	102,42	0,6094	0,9618
10.3.2000	102,49	0,6094	0,9619
13.3.2000	102,15	0,6139	0,97
14.3.2000	101	0,6116	0,9616
15.3.2000	101,91	0,6141	0,9649
16.3.2000	102,05	0,6154	0,9684
17.3.2000	102,42	0,6143	0,9675
20.3.2000	103,8	0,6197	0,9701
21.3.2000	103,62	0,6185	0,9712
22.3.2000	102,8	0,6128	0,9598
23.3.2000	103,42	0,6098	0,9618
24.3.2000	104,22	0,6114	0,9711
27.3.2000	104,4	0,6089	0,9733
28.3.2000	102,75	0,6087	0,9655
29.3.2000	100,88	0,603	0,9568
30.3.2000	100,42	0,6008	0,9557
31.3.2000	99,1	0,5982	0,9538
3.4.2000	99,94	0,5991	0,9536
4.4.2000	100,59	0,597	0,9543
5.4.2000	101,83	0,6066	0,9664
6.4.2000	101,27	0,6063	0,9628
7.4.2000	100,56	0,605	0,9567
10.4.2000	101,68	0,6053	0,9562
11.4.2000	102,7	0,6056	0,9597
12.4.2000	100,67	0,6034	0,9557
13.4.2000	101,16	0,6024	0,956
14.4.2000	100,9	0,6026	0,9534
17.4.2000	99,52	0,6041	0,9585
18.4.2000	99,06	0,6008	0,95
19.4.2000	99,1	0,5989	0,9466
20.4.2000	98,45	0,5949	0,9392
21.4.2000	98,45	0,5949	0,9392
24.4.2000	98,45	0,5949	0,9392
25.4.2000	98,35	0,592	0,9312
26.4.2000	97,59	0,5831	0,9195
27.4.2000	97,7	0,5852	0,9206
28.4.2000	97,22	0,5783	0,9062
1.5.2000	97,22	0,5783	0,9062
2.5.2000	98,91	0,5818	0,9094
3.5.2000	97,61	0,5736	0,8959
4.5.2000	96,99	0,5748	0,8919
5.5.2000	96,9	0,5822	0,8955
8.5.2000	96,9	0,5841	0,8923
9.5.2000	97,99	0,5835	0,8955
10.5.2000	99,21	0,5972	0,9107
11.5.2000	99	0,607	0,9099
12.5.2000	98,02	0,5977	0,9042
15.5.2000	100,14	0,6049	0,9155
16.5.2000	98,95	0,6044	0,9068
17.5.2000	97,93	0,5993	0,8933
18.5.2000	97,47	0,6014	0,8916
19.5.2000	95,82	0,5979	0,8876
22.5.2000	96,4	0,6052	0,9
23.5.2000	97,39	0,6149	0,9102
24.5.2000	97,64	0,6166	0,91
25.5.2000	96,82	0,61	0,9018
26.5.2000	98	0,6205	0,914
29.5.2000	99,3	0,6219	0,9263
30.5.2000	99,62	0,6233	0,9355
31.5.2000	99,82	0,6226	0,9303
1.6.2000	101,31	0,6232	0,933
2.6.2000	101,48	0,6252	0,9353
5.6.2000	101,4	0,624	0,9427
6.6.2000	101,12	0,625	0,9455
7.6.2000	100,97	0,6278	0,9563
8.6.2000	101,4	0,6312	0,958
9.6.2000	101,8	0,6325	0,9536
12.6.2000	101,5	0,6313	0,9526
13.6.2000	102,05	0,6332	0,9579
14.6.2000	102,79	0,6403	0,9631
15.6.2000	101,24	0,6326	0,953
16.6.2000	101,6	0,6336	0,957
19.6.2000	101,83	0,6366	0,9635
20.6.2000	100,8	0,6334	0,954
21.6.2000	99,85	0,6288	0,947
22.6.2000	99,05	0,6239	0,9385
23.6.2000	97,8	0,6239	0,9374
26.6.2000	98,25	0,6212	0,9317
27.6.2000	99,4	0,6284	0,9403
28.6.2000	99,39	0,6259	0,9411
29.6.2000	99,35	0,6262	0,9506
30.6.2000	100,43	0,633	0,9573
3.7.2000	100,64	0,6284	0,9484
4.7.2000	100,78	0,627	0,948
5.7.2000	101,66	0,631	0,9557
6.7.2000	102,5	0,6346	0,9574
7.7.2000	101,9	0,6276	0,9488
10.7.2000	101,74	0,6277	0,9511
11.7.2000	101,71	0,6305	0,9538
12.7.2000	102,17	0,627	0,9488
13.7.2000	100,29	0,6227	0,9354
14.7.2000	100,85	0,6228	0,934
17.7.2000	101,68	0,6259	0,9385
18.7.2000	100,64	0,6246	0,9349
19.7.2000	99,75	0,6156	0,9209
20.7.2000	99,52	0,6165	0,9209
21.7.2000	101,45	0,6176	0,9346
24.7.2000	101,74	0,6148	0,9339
25.7.2000	102,5	0,6216	0,942
26.7.2000	102,45	0,6187	0,9395
27.7.2000	102,46	0,6202	0,9396
28.7.2000	101,36	0,615	0,9278
31.7.2000	101,14	0,6166	0,9244
1.8.2000	101,5	0,6172	0,9255
2.8.2000	99,95	0,6145	0,9149
3.8.2000	97,65	0,608	0,9023
4.8.2000	98,09	0,602	0,9044
7.8.2000	98,85	0,6027	0,9081
8.8.2000	98,27	0,5997	0,9046
9.8.2000	96,8	0,5976	0,8969
10.8.2000	97,59	0,6015	0,9024
11.8.2000	99,11	0,6063	0,9125
14.8.2000	98,5	0,6005	0,9027
15.8.2000	99,75	0,6069	0,9128
16.8.2000	98,48	0,6045	0,9073
17.8.2000	98,92	0,6092	0,9123
18.8.2000	99,33	0,61	0,9124
21.8.2000	97,56	0,6049	0,902
22.8.2000	97,41	0,6047	0,8981
23.8.2000	95,76	0,6028	0,8928
24.8.2000	96,59	0,6086	0,9005
25.8.2000	96,73	0,6119	0,9026
28.8.2000	95,76	0,6119	0,9002
29.8.2000	96	0,6153	0,9003
30.8.2000	94,41	0,6138	0,8877
31.8.2000	95,17	0,6143	0,8936
1.9.2000	94,83	0,6135	0,8895
4.9.2000	95,26	0,615	0,9002
5.9.2000	94,29	0,6111	0,886
6.9.2000	93,41	0,6086	0,8821
7.9.2000	91,35	0,6038	0,8671
8.9.2000	92,18	0,6132	0,8728
11.9.2000	91,3	0,608	0,8592
12.9.2000	91,7	0,6141	0,8617
13.9.2000	92,44	0,6138	0,8638
14.9.2000	93,12	0,614	0,869
15.9.2000	92,93	0,6121	0,863
18.9.2000	91,24	0,6102	0,8539
19.9.2000	91,22	0,6077	0,8523
20.9.2000	90,26	0,5987	0,846
21.9.2000	90,46	0,6003	0,8502
22.9.2000	92,92	0,5959	0,8697
25.9.2000	94,55	0,6023	0,8785
26.9.2000	94,24	0,6037	0,8786
27.9.2000	95,47	0,6037	0,8846
28.9.2000	95,47	0,6037	0,8846
29.9.2000	94,98	0,598	0,8793
2.10.2000	95,82	0,5982	0,8823
3.10.2000	95,82	0,5982	0,8823
4.10.2000	95,19	0,6009	0,8744
5.10.2000	95,3	0,6	0,8728
6.10.2000	94,99	0,6015	0,8721
9.10.2000	94,78	0,6007	0,8693
10.10.2000	94,38	0,5995	0,8729
11.10.2000	94,27	0,5969	0,8721
12.10.2000	93	0,5924	0,8652
13.10.2000	93,23	0,5871	0,865
16.10.2000	92,01	0,5885	0,851
17.10.2000	91,75	0,592	0,8491
18.10.2000	92,38	0,5895	0,8535
19.10.2000	90,88	0,5832	0,8428
20.10.2000	91,88	0,5845	0,8458
23.10.2000	91,32	0,576	0,8381
24.10.2000	90,36	0,5749	0,8352
25.10.2000	89,76	0,5764	0,8305
26.10.2000	89,55	0,5817	0,8286
27.10.2000	89,55	0,5817	0,8286
30.10.2000	92,31	0,5809	0,8499
31.10.2000	91,65	0,5805	0,8405
1.11.2000	92,78	0,5916	0,8548
2.11.2000	93,78	0,5955	0,8655
3.11.2000	94,07	0,602	0,873
6.11.2000	92,88	0,5992	0,8665
7.11.2000	92,23	0,6009	0,8596
8.11.2000	92,23	0,6009	0,8596
9.11.2000	91,48	0,6018	0,8519
10.11.2000	93,02	0,6049	0,8636
13.11.2000	92,86	0,6018	0,8612
14.11.2000	92,7	0,5994	0,8588
15.11.2000	93,3	0,6032	0,8601
16.11.2000	93,4	0,6015	0,8577
17.11.2000	92,91	0,6	0,8531
20.11.2000	92,65	0,596	0,8494
21.11.2000	93,48	0,5966	0,8486
22.11.2000	92,55	0,5955	0,843
23.11.2000	92,9	0,6001	0,8431
24.11.2000	93,98	0,6016	0,8443
27.11.2000	93,49	0,5964	0,8393
28.11.2000	94,24	0,601	0,8508
29.11.2000	94,97	0,6075	0,8633
30.11.2000	96,28	0,611	0,8679
1.12.2000	97,64	0,6107	0,8747
4.12.2000	98,45	0,6126	0,8871
5.12.2000	97,6	0,6099	0,882
6.12.2000	98,1	0,6156	0,8842
7.12.2000	99,02	0,6175	0,8941
8.12.2000	98,57	0,613	0,8888
11.12.2000	97,54	0,6054	0,8807
12.12.2000	97,7	0,606	0,8781
13.12.2000	98,33	0,6041	0,8747
14.12.2000	99,45	0,602	0,8843
15.12.2000	100,87	0,6082	0,8972
18.12.2000	100,86	0,609	0,8961
19.12.2000	99,56	0,6072	0,8886
20.12.2000	101,82	0,615	0,9032
21.12.2000	102,5	0,621	0,914
22.12.2000	103,64	0,6222	0,9232
25.12.2000	103,64	0,6222	0,9232
26.12.2000	103,64	0,6222	0,9232
27.12.2000	106,13	0,6262	0,9313
28.12.2000	106,38	0,6244	0,9285
29.12.2000	106,86	0,6234	0,9302
1.1.2001	106,86	0,6234	0,9302
2.1.2001	108,64	0,6338	0,9452
3.1.2001	109,26	0,6338	0,9549
4.1.2001	108,15	0,6323	0,9463
5.1.2001	111,26	0,6357	0,9542
8.1.2001	110,47	0,632	0,9498
9.1.2001	108,83	0,6313	0,9398
10.1.2001	109,89	0,6306	0,9412
11.1.2001	111,47	0,6355	0,9514
12.1.2001	112,37	0,6392	0,9534
15.1.2001	112,11	0,6383	0,9429
16.1.2001	111,23	0,6393	0,9411
17.1.2001	110,73	0,6371	0,9385
18.1.2001	111,9	0,6397	0,9415
19.1.2001	111,05	0,6388	0,9414
22.1.2001	108,28	0,6369	0,9298
23.1.2001	110,49	0,6405	0,9419
24.1.2001	109,7	0,6344	0,9296
25.1.2001	107,25	0,6307	0,9143
26.1.2001	108,25	0,6333	0,9272
29.1.2001	107,12	0,6307	0,9187
30.1.2001	107,21	0,629	0,9176
31.1.2001	108,28	0,6353	0,9301
1.2.2001	108,69	0,6382	0,9412
2.2.2001	108,29	0,6367	0,9409
5.2.2001	108,66	0,6377	0,9407
6.2.2001	107,03	0,6368	0,9343
7.2.2001	108	0,638	0,9318
8.2.2001	107,3	0,6365	0,9226
9.2.2001	108,27	0,6386	0,9231
12.2.2001	109,24	0,6387	0,9277
13.2.2001	108,6	0,637	0,9273
14.2.2001	106,95	0,6306	0,9192
15.2.2001	105,47	0,6281	0,9078
16.2.2001	104,8	0,6282	0,9127
19.2.2001	106,83	0,6349	0,9227
20.2.2001	105,25	0,6327	0,9089
21.2.2001	105,25	0,6327	0,9089
22.2.2001	105,35	0,6278	0,9065
23.2.2001	105,65	0,6273	0,9053
26.2.2001	105,64	0,6273	0,9088
27.2.2001	106,18	0,6337	0,9143
28.2.2001	108,44	0,6384	0,9246
1.3.2001	108,7	0,64	0,9271
2.3.2001	110,92	0,6372	0,936
5.3.2001	111,32	0,6331	0,9307
6.3.2001	109,8	0,6316	0,927
7.3.2001	112,06	0,6377	0,9331
8.3.2001	111,31	0,6347	0,9313
9.3.2001	111,46	0,6383	0,9346
12.3.2001	111,82	0,6335	0,9277
13.3.2001	110,6	0,6346	0,9221
14.3.2001	109,94	0,6308	0,9169
15.3.2001	110,46	0,6291	0,9075
16.3.2001	110,07	0,6257	0,8956
19.3.2001	110,25	0,6285	0,9005
20.3.2001	110,48	0,6297	0,9009
21.3.2001	111,23	0,6289	0,8982
22.3.2001	110,44	0,6263	0,8903
23.3.2001	110	0,6275	0,8944
26.3.2001	109,9	0,6237	0,893
27.3.2001	109,8	0,6243	0,8949
28.3.2001	107,9	0,62	0,8865
29.3.2001	109,35	0,6159	0,8868
30.3.2001	110,23	0,6185	0,8813
2.4.2001	110,92	0,6177	0,8776
3.4.2001	111,01	0,6215	0,8834
4.4.2001	113,14	0,6277	0,8984
5.4.2001	111,78	0,6276	0,901
6.4.2001	111,54	0,627	0,8964
9.4.2001	112,95	0,624	0,9013
10.4.2001	111,29	0,6211	0,8956
11.4.2001	110,43	0,6188	0,8888
12.4.2001	109,2	0,6163	0,8852
13.4.2001	109,2	0,6163	0,8852
16.4.2001	109,2	0,6163	0,8852
17.4.2001	108,68	0,6137	0,8785
18.4.2001	108,3	0,6167	0,879
19.4.2001	107,46	0,618	0,8834
20.4.2001	109,91	0,6238	0,9006
23.4.2001	109,75	0,6246	0,9001
24.4.2001	108,86	0,6234	0,896
25.4.2001	109,49	0,6229	0,8941
26.4.2001	109,97	0,6231	0,897
27.4.2001	111,9	0,6252	0,9018
30.4.2001	109,54	0,6192	0,8871
1.5.2001	109,54	0,6192	0,8871
2.5.2001	108,73	0,6227	0,8905
3.5.2001	108,73	0,6227	0,8905
4.5.2001	108,3	0,6216	0,8917
7.5.2001	108,15	0,6205	0,8924
8.5.2001	108,15	0,6185	0,8874
9.5.2001	107,51	0,6186	0,8818
10.5.2001	108,35	0,6228	0,8868
11.5.2001	107,29	0,6188	0,8768
14.5.2001	107,63	0,6163	0,8748
15.5.2001	108,3	0,6186	0,8772
16.5.2001	109,01	0,6181	0,882
17.5.2001	108,82	0,6168	0,8829
18.5.2001	108,32	0,6144	0,8773
21.5.2001	107,81	0,6094	0,8745
22.5.2001	107,3	0,6068	0,8705
23.5.2001	104,05	0,6039	0,8588
24.5.2001	102,87	0,6075	0,8596
25.5.2001	103,27	0,6041	0,8569
28.5.2001	104	0,605	0,8584
29.5.2001	102,92	0,6031	0,8556
30.5.2001	102,92	0,6018	0,8554
31.5.2001	100,95	0,5983	0,8478
1.6.2001	100,79	0,5978	0,8478
4.6.2001	102,21	0,6012	0,8534
5.6.2001	101,2	0,5997	0,8444
6.6.2001	103,05	0,6081	0,8532
7.6.2001	101,55	0,6127	0,8469
8.6.2001	102,29	0,6142	0,8478
11.6.2001	103,26	0,6129	0,8485
12.6.2001	103,2	0,6165	0,8471
13.6.2001	104,5	0,6205	0,855
14.6.2001	104,12	0,6124	0,8523
15.6.2001	104,75	0,6143	0,8658
18.6.2001	105,82	0,612	0,8583
19.6.2001	105,54	0,6131	0,8566
20.6.2001	104,95	0,6102	0,8515
21.6.2001	106,37	0,6078	0,8559
22.6.2001	105,71	0,6022	0,8523
25.6.2001	106,76	0,6087	0,8612
26.6.2001	106,6	0,6098	0,861
27.6.2001	107,29	0,6092	0,8627
28.6.2001	106,23	0,6039	0,8525
29.6.2001	105,32	0,6021	0,8481
2.7.2001	105,33	0,5984	0,8469
3.7.2001	105,02	0,6005	0,8462
4.7.2001	105,08	0,6018	0,8444
5.7.2001	105,45	0,5986	0,8412
6.7.2001	105,61	0,5989	0,8389
9.7.2001	106,09	0,6015	0,8453
10.7.2001	107,21	0,6057	0,8538
11.7.2001	107,32	0,6075	0,8607
12.7.2001	106,05	0,6066	0,8536
13.7.2001	106,15	0,609	0,855
16.7.2001	107,15	0,6121	0,8568
17.7.2001	106,56	0,6088	0,8515
18.7.2001	107,9	0,6126	0,863
19.7.2001	108,11	0,6168	0,874
20.7.2001	108,25	0,6117	0,8751
23.7.2001	107,51	0,6103	0,8688
24.7.2001	108,18	0,6141	0,8714
25.7.2001	108,6	0,6146	0,8747
26.7.2001	108,69	0,6139	0,8783
27.7.2001	108,62	0,615	0,8765
30.7.2001	109,41	0,6137	0,8745
31.7.2001	109,36	0,6145	0,876
1.8.2001	109,81	0,6152	0,8805
2.8.2001	109,64	0,615	0,8816
3.8.2001	109,11	0,6164	0,8807
6.8.2001	109,13	0,6181	0,8806
7.8.2001	108,7	0,6187	0,8759
8.8.2001	107,91	0,6181	0,8749
9.8.2001	109,13	0,6235	0,8857
10.8.2001	109,26	0,627	0,8939
13.8.2001	109,27	0,6316	0,8988
14.8.2001	110,13	0,6312	0,896
15.8.2001	109,72	0,6334	0,9102
16.8.2001	109,48	0,6329	0,9158
17.8.2001	110,18	0,6332	0,9151
20.8.2001	110,08	0,6333	0,9142
21.8.2001	109,59	0,6301	0,913
22.8.2001	110,38	0,6331	0,9221
23.8.2001	109,68	0,6302	0,9105
24.8.2001	109,61	0,6324	0,9111
27.8.2001	109,5	0,6308	0,91
28.8.2001	108,73	0,6281	0,9036
29.8.2001	109,01	0,626	0,9123
30.8.2001	108,78	0,625	0,9087
31.8.2001	108,77	0,6278	0,917
3.9.2001	107,76	0,6237	0,9072
4.9.2001	107,05	0,6196	0,8971
5.9.2001	106,93	0,6148	0,8896
6.9.2001	107,65	0,6106	0,8872
7.9.2001	108,55	0,6162	0,8959
10.9.2001	108,8	0,6171	0,9048
11.9.2001	109,4	0,6154	0,8966
12.9.2001	108,45	0,6186	0,9066
13.9.2001	108,14	0,6176	0,9058
14.9.2001	108,92	0,6226	0,9176
17.9.2001	108,83	0,6315	0,9295
18.9.2001	108,75	0,6302	0,9256
19.9.2001	108,88	0,6335	0,9271
20.9.2001	108,35	0,6305	0,9248
21.9.2001	107,12	0,6311	0,92
24.9.2001	107,08	0,6271	0,915
25.9.2001	107,45	0,6274	0,9177
26.9.2001	108,74	0,6252	0,9224
27.9.2001	109,87	0,6243	0,9206
28.9.2001	108,9	0,6234	0,9167
1.10.2001	109,1	0,616	0,9116
2.10.2001	110,34	0,6185	0,9146
3.10.2001	111,7	0,6265	0,92
4.10.2001	110,22	0,6207	0,914
5.10.2001	110,63	0,6208	0,9178
8.10.2001	110,39	0,6255	0,9212
9.10.2001	110,67	0,627	0,9211
10.10.2001	109,61	0,6287	0,9123
11.10.2001	109,67	0,6249	0,9062
12.10.2001	109,55	0,6244	0,9032
15.10.2001	110,03	0,6283	0,9109
16.10.2001	110,01	0,6262	0,904
17.10.2001	110,04	0,6248	0,9034
18.10.2001	109,07	0,625	0,9018
19.10.2001	109	0,6244	0,8997
22.10.2001	109,25	0,6272	0,8977
23.10.2001	108,93	0,6248	0,8874
24.10.2001	109,55	0,6258	0,8925
25.10.2001	109,78	0,6246	0,8906
26.10.2001	109,44	0,6238	0,8925
29.10.2001	109,98	0,6209	0,8989
30.10.2001	110,4	0,6237	0,9065
31.10.2001	110,35	0,6214	0,9052
1.11.2001	110,75	0,621	0,9097
2.11.2001	110,04	0,6184	0,905
5.11.2001	109,18	0,6163	0,8948
6.11.2001	108,64	0,6157	0,8969
7.11.2001	109,04	0,6159	0,9025
8.11.2001	108,35	0,613	0,8964
9.11.2001	107,25	0,6141	0,8901
12.11.2001	107,76	0,6133	0,8924
13.11.2001	107,31	0,6109	0,8847
14.11.2001	107,14	0,6107	0,8787
15.11.2001	107,9	0,6144	0,8824
16.11.2001	108,56	0,6174	0,884
19.11.2001	108,58	0,6186	0,8789
20.11.2001	108,5	0,6221	0,883
21.11.2001	108,07	0,6195	0,8794
22.11.2001	108,66	0,6208	0,8778
23.11.2001	109	0,6211	0,8784
26.11.2001	109,43	0,622	0,8818
27.11.2001	108,93	0,6234	0,878
28.11.2001	108,94	0,6236	0,883
29.11.2001	109,44	0,624	0,8896
30.11.2001	109,07	0,6244	0,8901
3.12.2001	110,52	0,6285	0,8929
4.12.2001	110,44	0,6264	0,8916
5.12.2001	110,78	0,627	0,8915
6.12.2001	110,64	0,6262	0,8871
7.12.2001	111,37	0,6243	0,8913
10.12.2001	111,97	0,6212	0,8882
11.12.2001	112,12	0,6216	0,8901
12.12.2001	112,51	0,6201	0,8941
13.12.2001	113,49	0,6214	0,898
14.12.2001	115	0,6214	0,9025
17.12.2001	115,76	0,6213	0,9062
18.12.2001	115,4	0,62	0,9018
19.12.2001	114,58	0,6188	0,8961
20.12.2001	115,23	0,6213	0,8974
21.12.2001	115,84	0,6165	0,8931
24.12.2001	115,84	0,6165	0,8931
25.12.2001	115,84	0,6165	0,8931
26.12.2001	115,84	0,6165	0,8931
27.12.2001	115,95	0,6095	0,8809
28.12.2001	115,7	0,6088	0,8819
31.12.2001	115,7	0,6088	0,8819
1.1.2002	115,7	0,6088	0,8819
2.1.2002	118,8	0,6211	0,9013
3.1.2002	119,16	0,6258	0,9036
4.1.2002	117,18	0,6228	0,8953
7.1.2002	116,95	0,6191	0,8882
8.1.2002	118	0,6178	0,8897
9.1.2002	118,04	0,6187	0,8926
10.1.2002	118,22	0,6176	0,8922
11.1.2002	117,8	0,6183	0,8921
14.1.2002	117,58	0,6157	0,8926
15.1.2002	116,81	0,6166	0,8917
16.1.2002	115,84	0,6133	0,8816
17.1.2002	116,38	0,6138	0,881
18.1.2002	117,03	0,6135	0,881
21.1.2002	117,25	0,6153	0,8836
22.1.2002	118,62	0,6188	0,8839
23.1.2002	118,72	0,6196	0,8856
24.1.2002	117,73	0,6152	0,8759
25.1.2002	116,29	0,6127	0,8654
28.1.2002	115	0,6114	0,8595
29.1.2002	114,88	0,611	0,8619
30.1.2002	114,65	0,6114	0,8663
31.1.2002	114,56	0,6107	0,8635
1.2.2002	115,25	0,6095	0,8602
4.2.2002	115,2	0,6096	0,8638
5.2.2002	115,62	0,6118	0,87
6.2.2002	115,84	0,6132	0,8674
7.2.2002	115,94	0,614	0,8661
8.2.2002	117,57	0,617	0,8743
11.2.2002	117,74	0,6162	0,877
12.2.2002	116,83	0,6131	0,8742
13.2.2002	115,72	0,6104	0,8746
14.2.2002	115,12	0,609	0,8684
15.2.2002	115,72	0,6093	0,8698
18.2.2002	115,6	0,6095	0,8713
19.2.2002	116,21	0,6099	0,8685
20.2.2002	116,97	0,6115	0,8749
21.2.2002	116,48	0,6109	0,8707
22.2.2002	116,81	0,6106	0,8708
25.2.2002	116,91	0,611	0,8736
26.2.2002	116,21	0,609	0,8679
27.2.2002	116,64	0,6103	0,8651
28.2.2002	116,11	0,6104	0,8653
1.3.2002	115,75	0,6106	0,8678
4.3.2002	114,21	0,61	0,864
5.3.2002	114,54	0,6107	0,8676
6.3.2002	114,77	0,6119	0,87
7.3.2002	112,73	0,6158	0,8758
8.3.2002	112,67	0,6167	0,879
11.3.2002	112,61	0,6153	0,8739
12.3.2002	112,44	0,6169	0,8733
13.3.2002	112,98	0,6196	0,8747
14.3.2002	113,4	0,6213	0,8814
15.3.2002	114,13	0,62	0,8834
18.3.2002	115,42	0,6175	0,8794
19.3.2002	115,9	0,6182	0,8831
20.3.2002	115,78	0,6183	0,879
21.3.2002	116,45	0,6175	0,8843
22.3.2002	116,81	0,6168	0,8799
25.3.2002	116,69	0,6144	0,8758
26.3.2002	116,45	0,6134	0,8735
27.3.2002	115,85	0,6142	0,8749
28.3.2002	115,45	0,6126	0,8718
29.3.2002	115,45	0,6126	0,8718
1.4.2002	115,45	0,6126	0,8718
2.4.2002	117,02	0,6108	0,8774
3.4.2002	116,73	0,6117	0,8786
4.4.2002	116,73	0,6133	0,8815
5.4.2002	116,11	0,613	0,8787
8.4.2002	115,35	0,6122	0,8779
9.4.2002	115,37	0,6122	0,8766
10.4.2002	114,87	0,6125	0,8806
11.4.2002	115,82	0,613	0,8791
12.4.2002	116,09	0,6122	0,8796
15.4.2002	115,73	0,6124	0,8803
16.4.2002	115,7	0,6124	0,8801
17.4.2002	116	0,6144	0,888
18.4.2002	115,94	0,6149	0,8882
19.4.2002	116,03	0,6154	0,8904
22.4.2002	115,54	0,614	0,8881
23.4.2002	115,35	0,612	0,887
24.4.2002	115,54	0,6147	0,8897
25.4.2002	115,55	0,6186	0,8984
26.4.2002	115,18	0,6178	0,8967
29.4.2002	115,6	0,619	0,9037
30.4.2002	115,65	0,6186	0,9013
1.5.2002	115,65	0,6186	0,9013
2.5.2002	115,73	0,6181	0,9041
3.5.2002	115,47	0,6193	0,9065
6.5.2002	116,33	0,6233	0,9146
7.5.2002	117	0,6239	0,9144
8.5.2002	117,03	0,6222	0,9093
9.5.2002	116,63	0,62	0,9066
10.5.2002	116,54	0,6239	0,9128
13.5.2002	116,63	0,6253	0,9153
14.5.2002	116,18	0,6242	0,9062
15.5.2002	115,75	0,6225	0,9026
16.5.2002	116,22	0,6254	0,91
17.5.2002	115,73	0,6278	0,9144
20.5.2002	115,58	0,6305	0,9204
21.5.2002	115,2	0,6306	0,9199
22.5.2002	115,15	0,634	0,9261
23.5.2002	115,24	0,6326	0,9231
24.5.2002	114,94	0,6327	0,9195
27.5.2002	114,92	0,6323	0,9199
28.5.2002	115,18	0,6343	0,9255
29.5.2002	115,8	0,6369	0,9311
30.5.2002	115,89	0,6393	0,9361
31.5.2002	116,27	0,6398	0,9386
3.6.2002	115,57	0,6398	0,9316
4.6.2002	116,58	0,6443	0,9443
5.6.2002	116,71	0,6427	0,938
6.6.2002	117,22	0,6444	0,939
7.6.2002	117,38	0,6463	0,9442
10.6.2002	117,81	0,6465	0,9457
11.6.2002	118,19	0,6444	0,9445
12.6.2002	119,05	0,6435	0,9472
13.6.2002	118,19	0,6403	0,9412
14.6.2002	117,88	0,6421	0,9491
17.6.2002	117,15	0,6382	0,9429
18.6.2002	118,16	0,6389	0,9474
19.6.2002	118,47	0,6408	0,9568
20.6.2002	118,6	0,6416	0,9581
21.6.2002	118,1	0,6447	0,965
24.6.2002	118,65	0,6508	0,9791
25.6.2002	118,3	0,6458	0,9712
26.6.2002	118,82	0,65	0,9927
27.6.2002	117,8	0,647	0,9834
28.6.2002	118,25	0,6489	0,9978
1.7.2002	118,72	0,6466	0,9899
2.7.2002	118,34	0,6432	0,9825
3.7.2002	117,77	0,6421	0,9795
4.7.2002	117,23	0,6401	0,9762
5.7.2002	117,37	0,6416	0,9729
8.7.2002	116,88	0,6425	0,9841
9.7.2002	117,1	0,6412	0,9904
10.7.2002	117,05	0,6408	0,9942
11.7.2002	115,42	0,6381	0,9849
12.7.2002	115,4	0,6377	0,9875
15.7.2002	115,75	0,6405	0,9974
16.7.2002	117,16	0,6437	1,0132
17.7.2002	117,22	0,6437	1,0076
18.7.2002	117,73	0,6428	1,006
19.7.2002	117,7	0,6429	1,0146
22.7.2002	117,38	0,641	1,0089
23.7.2002	116,46	0,6332	0,9906
24.7.2002	115,93	0,6319	0,9903
25.7.2002	116,65	0,6366	0,9997
26.7.2002	117,32	0,6334	1,0018
29.7.2002	117,36	0,6277	0,9812
30.7.2002	117,46	0,6296	0,9832
31.7.2002	117,68	0,6247	0,9787
1.8.2002	116,94	0,627	0,9726
2.8.2002	117,66	0,6297	0,989
5.8.2002	117,16	0,6306	0,9855
6.8.2002	117,03	0,6277	0,9684
7.8.2002	116,98	0,6314	0,969
8.8.2002	116,93	0,6341	0,9672
9.8.2002	116,87	0,6357	0,971
12.8.2002	116,3	0,6389	0,9745
13.8.2002	116,35	0,639	0,9786
14.8.2002	115,66	0,6396	0,9885
15.8.2002	114,52	0,6375	0,9764
16.8.2002	115,32	0,6399	0,981
19.8.2002	116,37	0,6377	0,9806
20.8.2002	116,23	0,641	0,9773
21.8.2002	115,8	0,6405	0,9784
22.8.2002	116,17	0,6391	0,9773
23.8.2002	116,27	0,6376	0,9686
26.8.2002	116,15	0,6374	0,9702
27.8.2002	115,49	0,6402	0,976
28.8.2002	116,08	0,6397	0,9799
29.8.2002	116,13	0,6389	0,9849
30.8.2002	116,35	0,6347	0,9855
2.9.2002	116,08	0,634	0,9817
3.9.2002	116,3	0,6361	0,9911
4.9.2002	117,04	0,6352	0,9922
5.9.2002	117,43	0,6353	0,9969
6.9.2002	117,43	0,6325	0,9913
9.9.2002	116,55	0,6285	0,9801
10.9.2002	116,45	0,628	0,9743
11.9.2002	116,95	0,6267	0,975
12.9.2002	117,17	0,6286	0,9761
13.9.2002	117,76	0,6285	0,9809
16.9.2002	118,4	0,6283	0,9683
17.9.2002	118,33	0,6296	0,9638
18.9.2002	118,28	0,6329	0,9729
19.9.2002	119,35	0,6318	0,9807
20.9.2002	121,02	0,6338	0,9821
23.9.2002	121,28	0,6323	0,9847
24.9.2002	120,3	0,6288	0,9775
25.9.2002	120,22	0,6278	0,978
26.9.2002	120,13	0,6274	0,9789
27.9.2002	119,73	0,6285	0,9782
30.9.2002	119,98	0,6296	0,9851
1.10.2002	120,76	0,6274	0,9874
2.10.2002	120,88	0,6278	0,9829
3.10.2002	121,38	0,6298	0,9888
4.10.2002	121,15	0,6287	0,986
7.10.2002	121,45	0,6259	0,9785
8.10.2002	121,81	0,6265	0,9809
9.10.2002	121,84	0,6318	0,9803
10.10.2002	122,1	0,6326	0,9888
11.10.2002	122,62	0,6311	0,986
14.10.2002	122,59	0,6326	0,9873
15.10.2002	122,78	0,6326	0,9837
16.10.2002	121,91	0,6314	0,9809
17.10.2002	121,02	0,6271	0,9748
18.10.2002	121,82	0,6281	0,9728
21.10.2002	121,57	0,6298	0,9745
22.10.2002	122,3	0,6313	0,9756
23.10.2002	121,42	0,6317	0,9765
24.10.2002	121,09	0,6298	0,974
25.10.2002	120,94	0,6288	0,9769
28.10.2002	121,46	0,6302	0,9752
29.10.2002	121,43	0,6318	0,9849
30.10.2002	120,77	0,6316	0,9833
31.10.2002	121,09	0,6322	0,9862
1.11.2002	121,48	0,6365	0,9946
4.11.2002	121,77	0,6384	0,9938
5.11.2002	121,93	0,641	1,002
6.11.2002	121,97	0,6396	0,9953
7.11.2002	122,06	0,6404	1,0023
8.11.2002	122,25	0,638	1,0108
11.11.2002	121,19	0,6361	1,0155
12.11.2002	120,79	0,636	1,0114
13.11.2002	120,96	0,6344	1,0068
14.11.2002	120,94	0,6343	1,0067
15.11.2002	120,95	0,6361	1,0016
18.11.2002	122,12	0,6383	1,009
19.11.2002	122,73	0,6372	1,0135
20.11.2002	122,75	0,6368	1,0016
21.11.2002	122,77	0,6366	1,002
22.11.2002	123,05	0,6336	1,0024
25.11.2002	121,73	0,632	0,9908
26.11.2002	120,95	0,635	0,9926
27.11.2002	120,75	0,6403	0,9919
28.11.2002	121,36	0,6394	0,9928
29.11.2002	121,6	0,6396	0,9929
2.12.2002	123,14	0,6391	0,9882
3.12.2002	124,12	0,6371	0,9975
4.12.2002	124,72	0,6368	1,0018
5.12.2002	125,55	0,6373	0,9996
6.12.2002	124,77	0,6376	1,0005
9.12.2002	123,87	0,6399	1,0095
10.12.2002	124,68	0,6417	1,0128
11.12.2002	124,34	0,6412	1,0075
12.12.2002	124,54	0,6422	1,014
13.12.2002	124,54	0,6448	1,0226
16.12.2002	123,68	0,6436	1,022
17.12.2002	124,64	0,6449	1,0314
18.12.2002	124,38	0,6417	1,0254
19.12.2002	123,96	0,6412	1,028
20.12.2002	123,73	0,6394	1,0253
23.12.2002	123,36	0,644	1,0287
24.12.2002	123,36	0,644	1,0287
25.12.2002	123,36	0,644	1,0287
26.12.2002	123,36	0,644	1,0287
27.12.2002	124,4	0,6484	1,037
30.12.2002	124,19	0,6506	1,042
31.12.2002	124,19	0,6506	1,042
1.1.2003	124,19	0,6506	1,042
2.1.2003	124,41	0,651	1,0465
3.1.2003	124,37	0,6508	1,037
6.1.2003	124,4	0,6496	1,048
7.1.2003	124,72	0,6491	1,0402
8.1.2003	125,15	0,65	1,0404
9.1.2003	125,24	0,6536	1,0512
10.1.2003	125,96	0,6543	1,0523
13.1.2003	125,61	0,6574	1,0545
14.1.2003	124,95	0,6582	1,0568
15.1.2003	124,58	0,6591	1,0532
16.1.2003	124,64	0,6589	1,0564
17.1.2003	125,4	0,6589	1,0649
20.1.2003	125,96	0,6634	1,065
21.1.2003	126,65	0,6626	1,0649
22.1.2003	126,36	0,6645	1,0695
23.1.2003	127,05	0,6632	1,075
24.1.2003	127,2	0,661	1,0779
27.1.2003	127,98	0,6647	1,088
28.1.2003	128,29	0,6597	1,0801
29.1.2003	128,5	0,6598	1,0864
30.1.2003	128,28	0,654	1,0747
31.1.2003	128,91	0,6556	1,0815
3.2.2003	129,35	0,6556	1,0736
4.2.2003	129,86	0,6568	1,0807
5.2.2003	130,15	0,6616	1,0926
6.2.2003	129,65	0,6571	1,0803
7.2.2003	129,42	0,6622	1,0774
10.2.2003	130,13	0,6618	1,0805
11.2.2003	129,83	0,6606	1,0687
12.2.2003	129,88	0,6638	1,0742
13.2.2003	130,55	0,6645	1,0773
14.2.2003	130,05	0,6682	1,0795
17.2.2003	128,73	0,6696	1,0707
18.2.2003	127,48	0,6712	1,0718
19.2.2003	127,59	0,673	1,0719
20.2.2003	127,85	0,6747	1,0773
21.2.2003	128,2	0,6788	1,0835
24.2.2003	127,71	0,6812	1,075
25.2.2003	126,43	0,6847	1,0793
26.2.2003	126,24	0,6825	1,075
27.2.2003	126,54	0,6836	1,0819
28.2.2003	127,25	0,6823	1,0794
3.3.2003	127,32	0,6849	1,0796
4.3.2003	128,3	0,69	1,0913
5.3.2003	128,96	0,6888	1,0975
6.3.2003	128,63	0,683	1,0941
7.3.2003	129,21	0,6862	1,1022
10.3.2003	128,7	0,6906	1,104
11.3.2003	129,36	0,6907	1,1059
12.3.2003	129,29	0,6837	1,1035
13.3.2003	128,75	0,678	1,0884
14.3.2003	127,72	0,6755	1,0772
17.3.2003	127,15	0,6829	1,0797
18.3.2003	125,87	0,6755	1,0568
19.3.2003	126,4	0,6822	1,0612
20.3.2003	127,55	0,6777	1,0616
21.3.2003	127,9	0,6754	1,0574
24.3.2003	128,28	0,6762	1,0632
25.3.2003	128,16	0,6782	1,0695
26.3.2003	128,19	0,6771	1,0638
27.3.2003	128,53	0,6815	1,0727
28.3.2003	128,92	0,686	1,0728
31.3.2003	129,33	0,6903	1,0902
1.4.2003	128,66	0,6909	1,0887
2.4.2003	128,67	0,6888	1,0834
3.4.2003	127,7	0,685	1,0696
4.4.2003	128,69	0,684	1,071
7.4.2003	127,82	0,6828	1,058
8.4.2003	127,89	0,6879	1,0673
9.4.2003	128,99	0,6912	1,0752
10.4.2003	129,26	0,6896	1,079
11.4.2003	129,02	0,6843	1,0741
14.4.2003	129,67	0,6828	1,0743
15.4.2003	129,78	0,685	1,0769
16.4.2003	130,35	0,6871	1,0822
17.4.2003	130,05	0,6917	1,0914
18.4.2003	130,05	0,6917	1,0914
21.4.2003	130,05	0,6917	1,0914
22.4.2003	131,41	0,6964	1,0971
23.4.2003	131,73	0,6938	1,0938
24.4.2003	132,13	0,6913	1,1006
25.4.2003	132,71	0,6913	1,0978
28.4.2003	132,57	0,6912	1,1037
29.4.2003	131,86	0,6897	1,0967
30.4.2003	132,97	0,6971	1,1125
1.5.2003	132,97	0,6971	1,1125
2.5.2003	133,55	0,7008	1,1257
5.5.2003	133,39	0,6999	1,1229
6.5.2003	133,96	0,7045	1,1333
7.5.2003	133,68	0,7094	1,1397
8.5.2003	132,06	0,7105	1,1358
9.5.2003	134,7	0,7165	1,149
12.5.2003	134,99	0,7179	1,1578
13.5.2003	134,6	0,7165	1,1512
14.5.2003	134,13	0,7117	1,1483
15.5.2003	132,71	0,7084	1,1467
16.5.2003	133,02	0,7051	1,144
19.5.2003	134,83	0,7152	1,1691
20.5.2003	136,35	0,7142	1,1659
21.5.2003	136,65	0,7122	1,1707
22.5.2003	137,15	0,7165	1,1701
23.5.2003	137,95	0,7193	1,1788
26.5.2003	138,54	0,721	1,1815
27.5.2003	139,04	0,7248	1,1915
28.5.2003	138,85	0,7177	1,1733
29.5.2003	139,6	0,7157	1,1745
30.5.2003	140,52	0,7181	1,1833
2.6.2003	138,69	0,7181	1,1704
3.6.2003	139,19	0,7164	1,172
4.6.2003	138,73	0,7165	1,1705
5.6.2003	138,24	0,7125	1,1674
6.6.2003	139,33	0,7106	1,1826
9.6.2003	138,48	0,7092	1,1698
10.6.2003	138,39	0,7099	1,1718
11.6.2003	138,2	0,7061	1,1738
12.6.2003	138,11	0,7019	1,1751
13.6.2003	138,38	0,7054	1,177
16.6.2003	139,54	0,7054	1,1868
17.6.2003	139,37	0,7025	1,1815
18.6.2003	139,03	0,6977	1,1725
19.6.2003	138,3	0,6948	1,1625
20.6.2003	138,07	0,6977	1,1679
23.6.2003	136,1	0,6957	1,1532
24.6.2003	136,28	0,6929	1,1567
25.6.2003	135,7	0,6906	1,1542
26.6.2003	136,13	0,6879	1,1458
27.6.2003	136,72	0,6902	1,1422
30.6.2003	137,2	0,6926	1,1422
1.7.2003	138,34	0,6969	1,1552
2.7.2003	137,26	0,6938	1,1537
3.7.2003	135,59	0,6894	1,1459
4.7.2003	135,41	0,688	1,1471
7.7.2003	134,05	0,6877	1,1368
8.7.2003	133,64	0,6893	1,1273
9.7.2003	134,12	0,6951	1,1356
10.7.2003	133,26	0,6921	1,1326
11.7.2003	133,46	0,6918	1,1325
14.7.2003	132,84	0,6941	1,1286
15.7.2003	133	0,7036	1,1334
16.7.2003	132,02	0,7	1,1139
17.7.2003	133,11	0,7037	1,1236
18.7.2003	133,35	0,7031	1,119
21.7.2003	133,85	0,7103	1,1297
22.7.2003	135,34	0,7095	1,1367
23.7.2003	135,5	0,7109	1,14
24.7.2003	136,64	0,7127	1,1499
25.7.2003	136,48	0,7102	1,1484
28.7.2003	137,05	0,7062	1,1457
29.7.2003	137,24	0,706	1,1481
30.7.2003	136,91	0,7042	1,1435
31.7.2003	135,68	0,7017	1,13
1.8.2003	134,5	0,6963	1,1165
4.8.2003	135,79	0,7009	1,1302
5.8.2003	136,52	0,703	1,1321
6.8.2003	136,58	0,7049	1,1386
7.8.2003	136,14	0,7062	1,1356
8.8.2003	134,93	0,7036	1,1341
11.8.2003	133,5	0,7042	1,127
12.8.2003	134,38	0,7063	1,1324
13.8.2003	133,92	0,7018	1,1264
14.8.2003	134,7	0,7015	1,128
15.8.2003	134,15	0,7033	1,1263
18.8.2003	133,61	0,7026	1,1181
19.8.2003	132,9	0,6995	1,1097
20.8.2003	131,3	0,6965	1,108
21.8.2003	129,58	0,6943	1,0994
22.8.2003	128,65	0,6927	1,0915
25.8.2003	127,98	0,6904	1,0898
26.8.2003	127,01	0,6915	1,0809
27.8.2003	128,25	0,6936	1,0898
28.8.2003	127	0,6912	1,0818
29.8.2003	127,19	0,69	1,0903
1.9.2003	127,86	0,6986	1,0981
2.9.2003	127,08	0,6929	1,0863
3.9.2003	125,26	0,6893	1,0783
4.9.2003	126,43	0,6882	1,0824
5.9.2003	127,64	0,6904	1,0932
8.9.2003	129,65	0,6988	1,1094
9.9.2003	129,45	0,7027	1,1127
10.9.2003	130,77	0,704	1,1199
11.9.2003	131,41	0,7034	1,1214
12.9.2003	130,56	0,7009	1,1154
15.9.2003	132,59	0,7036	1,1276
16.9.2003	130,45	0,7043	1,1216
17.9.2003	130,26	0,7	1,1192
18.9.2003	130,4	0,6983	1,1276
19.9.2003	130,13	0,6943	1,1278
22.9.2003	128,18	0,697	1,1475
23.9.2003	127,76	0,6943	1,1479
24.9.2003	127,88	0,6934	1,1476
25.9.2003	128,5	0,6931	1,1485
26.9.2003	128,61	0,6908	1,1477
29.9.2003	127,4	0,6926	1,1413
30.9.2003	128,97	0,6987	1,169
1.10.2003	129,87	0,7051	1,1692
2.10.2003	129,87	0,7023	1,1687
3.10.2003	129,25	0,7002	1,1701
6.10.2003	128,48	0,6949	1,1578
7.10.2003	130,1	0,7035	1,1772
8.10.2003	129,5	0,7098	1,1797
9.10.2003	128,85	0,7105	1,1809
10.10.2003	127,75	0,7081	1,1786
13.10.2003	126,8	0,7045	1,1684
14.10.2003	128,45	0,7017	1,1659
15.10.2003	127,7	0,6998	1,1684
16.10.2003	127,58	0,6946	1,1624
17.10.2003	127,3	0,6935	1,1605
20.10.2003	128,23	0,6958	1,1664
21.10.2003	128,28	0,6962	1,1637
22.10.2003	128,03	0,6949	1,167
23.10.2003	129,29	0,697	1,1789
24.10.2003	128,95	0,6942	1,1763
27.10.2003	127,7	0,6944	1,1759
28.10.2003	126,5	0,6909	1,1681
29.10.2003	126,35	0,687	1,1703
30.10.2003	126,5	0,6869	1,171
31.10.2003	126,83	0,6881	1,1633
3.11.2003	127,89	0,684	1,1606
4.11.2003	126,52	0,6837	1,1463
5.11.2003	125,65	0,6834	1,1451
6.11.2003	125,98	0,6854	1,1453
7.11.2003	125,87	0,6868	1,1432
10.11.2003	124,67	0,6868	1,1474
11.11.2003	124,98	0,6894	1,1501
12.11.2003	126,35	0,6941	1,16
13.11.2003	126,53	0,6945	1,1681
14.11.2003	127,31	0,6973	1,1788
17.11.2003	128,92	0,6984	1,1814
18.11.2003	128,04	0,6957	1,1738
19.11.2003	129,48	0,7015	1,1901
20.11.2003	129,9	0,6994	1,1923
21.11.2003	129,18	0,6975	1,1868
24.11.2003	128,8	0,6961	1,1804
25.11.2003	129,4	0,694	1,1778
26.11.2003	129,55	0,6963	1,1826
27.11.2003	130	0,6955	1,1912
28.11.2003	131,36	0,6973	1,1995
1.12.2003	131,36	0,6966	1,2016
2.12.2003	130,68	0,695	1,1943
3.12.2003	131,37	0,7004	1,2126
4.12.2003	130,63	0,6997	1,2069
5.12.2003	130,8	0,7008	1,2068
8.12.2003	131,27	0,7034	1,2203
9.12.2003	131,42	0,7043	1,2268
10.12.2003	132,25	0,7015	1,2226
11.12.2003	131,72	0,6971	1,2153
12.12.2003	132,1	0,7006	1,2246
15.12.2003	131,95	0,7007	1,2207
16.12.2003	132,68	0,7067	1,2334
17.12.2003	132,68	0,7036	1,2324
18.12.2003	133,58	0,7018	1,2415
19.12.2003	133,72	0,7015	1,2408
22.12.2003	133,4	0,7045	1,2436
23.12.2003	133,2	0,7024	1,2406
24.12.2003	133,2	0,7024	1,2406
25.12.2003	133,2	0,7024	1,2406
26.12.2003	133,2	0,7024	1,2406
29.12.2003	133,55	0,703	1,2494
30.12.2003	133,7	0,7037	1,2503
31.12.2003	133,7	0,7037	1,2503
1.1.2004	133,7	0,7037	1,2503
2.1.2004	134,85	0,7057	1,2601
5.1.2004	134,7	0,7045	1,268
6.1.2004	135,31	0,7003	1,2741
7.1.2004	134,45	0,6982	1,2665
8.1.2004	133,59	0,6942	1,2583
9.1.2004	135,93	0,6942	1,2744
12.1.2004	136,93	0,6939	1,2854
13.1.2004	135,51	0,6897	1,2727
14.1.2004	134,63	0,6902	1,2675
15.1.2004	134,02	0,6922	1,2624
16.1.2004	132,29	0,6894	1,2495
19.1.2004	132,4	0,692	1,2354
20.1.2004	134,38	0,6922	1,2506
21.1.2004	134,74	0,6889	1,2614
22.1.2004	135,32	0,6895	1,2705
23.1.2004	134,85	0,6889	1,274
26.1.2004	133,35	0,6874	1,2571
27.1.2004	132,3	0,6913	1,2484
28.1.2004	133,31	0,6868	1,2604
29.1.2004	132,61	0,6856	1,2508
30.1.2004	130,82	0,6834	1,2379
2.2.2004	131,43	0,6833	1,2451
3.2.2004	132,88	0,6843	1,2576
4.2.2004	132,16	0,6822	1,254
5.2.2004	132,79	0,6866	1,2569
6.2.2004	133,53	0,6832	1,2523
9.2.2004	134,56	0,6839	1,2725
10.2.2004	134,58	0,682	1,277
11.2.2004	133,7	0,6772	1,2664
12.2.2004	135,18	0,6776	1,2821
13.2.2004	135,07	0,6772	1,2819
16.2.2004	134,41	0,676	1,274
17.2.2004	135,88	0,6743	1,287
18.2.2004	136,08	0,6736	1,2869
19.2.2004	135,81	0,6712	1,2695
20.2.2004	136,45	0,6737	1,2648
23.2.2004	136,05	0,6753	1,2552
24.2.2004	136,56	0,6718	1,2599
25.2.2004	137,36	0,6684	1,2647
26.2.2004	136,29	0,6692	1,2426
27.2.2004	135,13	0,6706	1,2401
1.3.2004	136,3	0,668	1,2483
2.3.2004	135,92	0,667	1,2397
3.3.2004	134	0,6625	1,2141
4.3.2004	135,01	0,6664	1,2218
5.3.2004	135,67	0,6707	1,2206
8.3.2004	138,73	0,6682	1,2375
9.3.2004	137,82	0,6723	1,2376
10.3.2004	136,65	0,6761	1,2294
11.3.2004	135,37	0,6786	1,2235
12.3.2004	135,96	0,6809	1,2232
15.3.2004	135,9	0,6807	1,2283
16.3.2004	135,02	0,6805	1,2349
17.3.2004	132,66	0,6758	1,2251
18.3.2004	130,92	0,6732	1,2267
19.3.2004	132,06	0,6733	1,2347
22.3.2004	132,2	0,6685	1,234
23.3.2004	131,2	0,6669	1,2289
24.3.2004	130,01	0,6657	1,2242
25.3.2004	128,74	0,6727	1,2128
26.3.2004	128,54	0,6689	1,2177
29.3.2004	128,23	0,6674	1,2117
30.3.2004	129,4	0,6687	1,2212
31.3.2004	127	0,6664	1,2224
1.4.2004	127,85	0,6658	1,2329
2.4.2004	128,43	0,6665	1,2312
5.4.2004	126,57	0,6643	1,2086
6.4.2004	128,55	0,659	1,2102
7.4.2004	127,8	0,6579	1,2076
8.4.2004	128,5	0,6613	1,2146
9.4.2004	128,5	0,6613	1,2146
12.4.2004	128,5	0,6613	1,2146
13.4.2004	126,8	0,6556	1,1974
14.4.2004	127,9	0,6606	1,1909
15.4.2004	129,6	0,6691	1,1916
16.4.2004	129,59	0,6681	1,1944
19.4.2004	130,07	0,6665	1,2056
20.4.2004	128,47	0,6635	1,1915
21.4.2004	129,45	0,6686	1,1823
22.4.2004	129,88	0,6719	1,1865
23.4.2004	129,42	0,669	1,189
26.4.2004	128,9	0,6638	1,1844
27.4.2004	129,73	0,6637	1,1884
28.4.2004	129,97	0,6663	1,1889
29.4.2004	130,78	0,672	1,1816
30.4.2004	131,84	0,6745	1,197
3.5.2004	131,4	0,6761	1,1965
4.5.2004	132,8	0,6744	1,2063
5.5.2004	132,4	0,6777	1,2145
6.5.2004	133,02	0,6777	1,2147
7.5.2004	133,52	0,6718	1,2068
10.5.2004	134,33	0,6678	1,1823
11.5.2004	134,21	0,6737	1,1819
12.5.2004	133,83	0,6699	1,1853
13.5.2004	135,29	0,6705	1,1836
14.5.2004	135,38	0,6738	1,1791
17.5.2004	136,33	0,6801	1,2016
18.5.2004	136,2	0,6796	1,1987
19.5.2004	135,3	0,673	1,1996
20.5.2004	134,75	0,6734	1,1934
21.5.2004	134,77	0,6718	1,2043
24.5.2004	134,59	0,6682	1,1958
25.5.2004	136,13	0,669	1,207
26.5.2004	134,96	0,6665	1,2114
27.5.2004	135,6	0,6654	1,2153
28.5.2004	135,71	0,6678	1,2246
31.5.2004	133,1	0,6651	1,2205
1.6.2004	134,1	0,6658	1,2236
2.6.2004	135,72	0,6655	1,2274
3.6.2004	135,86	0,6652	1,2215
4.6.2004	135,65	0,664	1,2206
7.6.2004	135,51	0,67	1,2324
8.6.2004	135,27	0,6688	1,2323
9.6.2004	132,65	0,664	1,2187
10.6.2004	132,39	0,6593	1,2065
11.6.2004	132,17	0,6601	1,1994
14.6.2004	133,55	0,664	1,2012
15.6.2004	133,7	0,6636	1,2042
16.6.2004	132,54	0,6601	1,2052
17.6.2004	131,45	0,6566	1,2052
18.6.2004	131,36	0,656	1,2027
21.6.2004	131,1	0,6585	1,2092
22.6.2004	131,29	0,6646	1,2085
23.6.2004	131,48	0,6658	1,2077
24.6.2004	130,46	0,6678	1,2107
25.6.2004	130,9	0,6657	1,2133
28.6.2004	131,56	0,666	1,217
29.6.2004	131,86	0,6678	1,2151
30.6.2004	132,4	0,6709	1,2141
1.7.2004	131,64	0,6697	1,2173
2.7.2004	132,46	0,6684	1,2149
5.7.2004	133,73	0,6702	1,2287
6.7.2004	134,48	0,6689	1,2289
7.7.2004	134,23	0,6672	1,2368
8.7.2004	134,76	0,6681	1,2361
9.7.2004	134,34	0,6691	1,2396
12.7.2004	134,08	0,666	1,2412
13.7.2004	133,93	0,665	1,2362
14.7.2004	134,9	0,6659	1,2366
15.7.2004	135	0,6677	1,2361
16.7.2004	135,4	0,6652	1,2341
19.7.2004	134,62	0,6635	1,2407
20.7.2004	134,52	0,6681	1,2408
21.7.2004	134,08	0,6669	1,229
22.7.2004	134,36	0,6662	1,2263
23.7.2004	134,22	0,6642	1,2175
26.7.2004	133,31	0,6609	1,215
27.7.2004	133,63	0,6613	1,2178
28.7.2004	133,96	0,6616	1,202
29.7.2004	134,91	0,6638	1,2028
30.7.2004	134,27	0,6638	1,2053
2.8.2004	134	0,6599	1,208
3.8.2004	133,46	0,6611	1,2017
4.8.2004	133,82	0,66	1,2008
5.8.2004	134,08	0,6617	1,2054
6.8.2004	134,5	0,6614	1,205
9.8.2004	135,58	0,666	1,2259
10.8.2004	136,01	0,6691	1,2285
11.8.2004	135,91	0,6696	1,2233
12.8.2004	135,78	0,6697	1,2263
13.8.2004	136,36	0,6705	1,2204
16.8.2004	136,82	0,6694	1,234
17.8.2004	136,29	0,6715	1,2337
18.8.2004	135,6	0,6744	1,2327
19.8.2004	135,33	0,6759	1,2357
20.8.2004	134,82	0,6747	1,2324
23.8.2004	134,38	0,6747	1,2261
24.8.2004	133,28	0,672	1,2134
25.8.2004	133,38	0,6726	1,2092
26.8.2004	132,93	0,6723	1,2075
27.8.2004	132,44	0,6718	1,2102
30.8.2004	132,55	0,6726	1,2041
31.8.2004	133,13	0,6756	1,2119
1.9.2004	133,1	0,6776	1,2182
2.9.2004	133,08	0,6793	1,2173
3.9.2004	132,91	0,68	1,217
6.9.2004	132,91	0,6784	1,2074
7.9.2004	132,62	0,6813	1,2095
8.9.2004	132,14	0,6794	1,2054
9.9.2004	133,89	0,6826	1,2184
10.9.2004	134,62	0,6836	1,2215
13.9.2004	134,83	0,6805	1,2258
14.9.2004	134,31	0,6816	1,223
15.9.2004	134,12	0,685	1,2233
16.9.2004	133,27	0,68	1,2156
17.9.2004	134,13	0,6797	1,2209
20.9.2004	133,22	0,6804	1,2131
21.9.2004	134,58	0,6829	1,2263
22.9.2004	135,37	0,6854	1,2257
23.9.2004	136,47	0,6839	1,2326
24.9.2004	135,9	0,6823	1,2298
27.9.2004	135,9	0,6791	1,226
28.9.2004	137,35	0,679	1,2304
29.9.2004	136,51	0,6817	1,2306
30.9.2004	136,75	0,6859	1,2339
1.10.2004	136,98	0,6911	1,2392
4.10.2004	136,7	0,6884	1,2316
5.10.2004	136,2	0,6887	1,2274
6.10.2004	136,56	0,6895	1,2286
7.10.2004	136,83	0,6906	1,2291
8.10.2004	136,06	0,6895	1,2311
11.10.2004	135,37	0,6908	1,2397
12.10.2004	135,3	0,6883	1,2297
13.10.2004	135,1	0,687	1,229
14.10.2004	135,36	0,6868	1,2362
15.10.2004	135,48	0,6896	1,2399
18.10.2004	136,58	0,6925	1,2482
19.10.2004	135,85	0,6944	1,251
20.10.2004	136,48	0,6962	1,2583
21.10.2004	135,76	0,6899	1,2622
22.10.2004	135,84	0,6921	1,2636
25.10.2004	136,18	0,6948	1,2801
26.10.2004	136,8	0,6965	1,28
27.10.2004	136,23	0,6953	1,2788
28.10.2004	135,22	0,6956	1,2689
29.10.2004	135,15	0,6968	1,2756
1.11.2004	135,66	0,6956	1,2748
2.11.2004	135,2	0,6921	1,2705
3.11.2004	135,86	0,6909	1,2713
4.11.2004	136,52	0,6958	1,2856
5.11.2004	136,69	0,6983	1,2879
8.11.2004	136,7	0,697	1,2952
9.11.2004	136,47	0,6958	1,2894
10.11.2004	137,15	0,6976	1,2962
11.11.2004	137,67	0,6993	1,287
12.11.2004	136,81	0,7	1,2913
15.11.2004	136,57	0,6986	1,2947
16.11.2004	136,56	0,7	1,2959
17.11.2004	136,05	0,7015	1,3027
18.11.2004	135,64	0,7016	1,3031
19.11.2004	135,05	0,7016	1,302
22.11.2004	134,36	0,7019	1,3031
23.11.2004	134,72	0,6986	1,3065
24.11.2004	135,23	0,6993	1,3144
25.11.2004	135,55	0,7004	1,3225
26.11.2004	136,59	0,6998	1,3254
29.11.2004	136,37	0,7013	1,3257
30.11.2004	136,6	0,6977	1,3303
1.12.2004	136,81	0,6913	1,3312
2.12.2004	136,51	0,6886	1,3328
3.12.2004	137,32	0,6906	1,3284
6.12.2004	137,61	0,6924	1,3435
7.12.2004	138,15	0,6904	1,346
8.12.2004	138,49	0,6902	1,3314
9.12.2004	138,72	0,6933	1,3284
10.12.2004	139,62	0,6919	1,3174
13.12.2004	139,1	0,6928	1,3251
14.12.2004	139,68	0,6911	1,3324
15.12.2004	139,57	0,6905	1,3369
16.12.2004	139,15	0,6861	1,3385
17.12.2004	138,55	0,6864	1,3264
20.12.2004	139,56	0,6872	1,3373
21.12.2004	139,94	0,6926	1,3404
22.12.2004	139,4	0,6986	1,3354
23.12.2004	139,92	0,7005	1,3459
24.12.2004	139,92	0,7005	1,3459
27.12.2004	140,25	0,704	1,3535
28.12.2004	140,52	0,7027	1,3626
29.12.2004	140,65	0,7083	1,3604
30.12.2004	141,2	0,7089	1,3606
31.12.2004	141,2	0,7089	1,3606
3.1.2005	138,87	0,7082	1,3514
4.1.2005	138,32	0,7059	1,3378
5.1.2005	138,38	0,7048	1,3239
6.1.2005	138,38	0,7043	1,3188
7.1.2005	138,09	0,703	1,3219
10.1.2005	136,82	0,6982	1,3102
11.1.2005	136,79	0,701	1,3162
12.1.2005	135,47	0,7001	1,3121
13.1.2005	135,81	0,7027	1,3228
14.1.2005	134,58	0,7013	1,3102
17.1.2005	133,3	0,7018	1,3099
18.1.2005	134,24	0,6979	1,3063
19.1.2005	133,94	0,6963	1,309
20.1.2005	133,37	0,6933	1,2941
21.1.2005	134,57	0,6954	1,2969
24.1.2005	134,47	0,6956	1,307
25.1.2005	135,19	0,6952	1,3053
26.1.2005	134,61	0,693	1,3012
27.1.2005	134,73	0,6928	1,3054
28.1.2005	134,57	0,6921	1,3032
31.1.2005	134,78	0,6918	1,3029
1.2.2005	135,28	0,6922	1,3035
2.2.2005	135,24	0,6929	1,307
3.2.2005	135,42	0,6894	1,3021
4.2.2005	134,7	0,6886	1,2963
7.2.2005	134,02	0,6869	1,286
8.2.2005	134,84	0,6869	1,2747
9.2.2005	134,82	0,6864	1,2779
10.2.2005	135,66	0,6879	1,2792
11.2.2005	136,05	0,6891	1,2862
14.2.2005	136,18	0,6874	1,297
15.2.2005	136,14	0,6876	1,2976
16.2.2005	136,93	0,6916	1,3019
17.2.2005	137,7	0,6916	1,3068
18.2.2005	137,5	0,689	1,3026
21.2.2005	137,75	0,689	1,3054
22.2.2005	137,36	0,6914	1,3208
23.2.2005	138,28	0,6921	1,3207
24.2.2005	138,95	0,694	1,3263
25.2.2005	138,79	0,6892	1,3156
28.2.2005	138,15	0,6897	1,3248
1.3.2005	137,79	0,6872	1,3205
2.3.2005	137,56	0,6868	1,3111
3.3.2005	137,79	0,6882	1,3136
4.3.2005	138,19	0,6879	1,3115
7.3.2005	138,73	0,6902	1,3211
8.3.2005	139,15	0,6895	1,3254
9.3.2005	139,01	0,6946	1,3388
10.3.2005	139,7	0,6965	1,3416
11.3.2005	139,68	0,6985	1,3409
14.3.2005	140,6	0,698	1,3403
15.3.2005	139,8	0,6969	1,338
16.3.2005	139,39	0,6956	1,3382
17.3.2005	139,64	0,6949	1,3381
18.3.2005	139,68	0,6944	1,331
21.3.2005	139	0,6942	1,3194
22.3.2005	138,35	0,6941	1,3185
23.3.2005	138,75	0,6937	1,3046
24.3.2005	138,07	0,694	1,2977
25.3.2005	138,07	0,694	1,2977
28.3.2005	138,07	0,694	1,2977
29.3.2005	138,55	0,6897	1,2931
30.3.2005	139,24	0,6881	1,2944
31.3.2005	138,46	0,6882	1,2957
1.4.2005	138,95	0,6864	1,296
4.4.2005	139,33	0,6872	1,2881
5.4.2005	139,26	0,6836	1,2809
6.4.2005	139,78	0,6856	1,2891
7.4.2005	139,75	0,6867	1,2904
8.4.2005	139,37	0,6865	1,2832
11.4.2005	139,77	0,6861	1,2955
12.4.2005	139,8	0,6851	1,2977
13.4.2005	138,72	0,6834	1,2936
14.4.2005	138,47	0,6812	1,2827
15.4.2005	138,9	0,6809	1,2832
18.4.2005	139,57	0,6835	1,2991
19.4.2005	139,47	0,6804	1,2992
20.4.2005	139,5	0,6817	1,3045
21.4.2005	140,33	0,6851	1,3086
22.4.2005	138,87	0,6826	1,3063
25.4.2005	139,18	0,6785	1,2972
26.4.2005	137,48	0,6813	1,2984
27.4.2005	137,29	0,6801	1,2922
28.4.2005	136,75	0,6781	1,292
29.4.2005	136,25	0,6778	1,2955
2.5.2005	135,61	0,6763	1,287
3.5.2005	135,25	0,6804	1,2854
4.5.2005	135,25	0,6814	1,2954
5.5.2005	135,6	0,6828	1,296
6.5.2005	135,6	0,6828	1,296
9.5.2005	135,34	0,6814	1,2828
10.5.2005	135,92	0,6827	1,2857
11.5.2005	135,81	0,6842	1,2884
12.5.2005	135,69	0,6833	1,2777
13.5.2005	135,36	0,6809	1,2628
16.5.2005	135,79	0,6862	1,2606
17.5.2005	135,65	0,6873	1,2638
18.5.2005	135,32	0,6887	1,2613
19.5.2005	135,68	0,6873	1,2644
20.5.2005	135,94	0,6872	1,2632
23.5.2005	135,37	0,6861	1,2546
24.5.2005	135,23	0,6874	1,2604
25.5.2005	135,35	0,6875	1,2558
26.5.2005	135,5	0,6871	1,2546
27.5.2005	135,21	0,6878	1,2534
30.5.2005	134,8	0,6856	1,2499
31.5.2005	133,3	0,6781	1,2325
1.6.2005	133,17	0,6754	1,2237
2.6.2005	132,83	0,6751	1,2263
3.6.2005	132,45	0,6759	1,2278
6.6.2005	131,43	0,6742	1,2261
7.6.2005	131,08	0,6713	1,2298
8.6.2005	131,63	0,6716	1,2327
9.6.2005	131,43	0,6711	1,2243
10.6.2005	131,51	0,6711	1,2236
13.6.2005	131,72	0,6686	1,2043
14.6.2005	132,36	0,6696	1,2115
15.6.2005	131,72	0,666	1,2042
16.6.2005	132,26	0,6652	1,2123
17.6.2005	132,65	0,6668	1,2174
20.6.2005	132,9	0,6687	1,2216
21.6.2005	132,1	0,6646	1,2085
22.6.2005	131,98	0,6657	1,2122
23.6.2005	131,38	0,664	1,2082
24.6.2005	131,7	0,6627	1,2074
27.6.2005	133,04	0,6653	1,2181
28.6.2005	133,04	0,6648	1,211
29.6.2005	133,12	0,6663	1,2059
30.6.2005	133,44	0,6723	1,2049
1.7.2005	134,07	0,6786	1,2083
4.7.2005	132,73	0,6767	1,1906
5.7.2005	133,07	0,6778	1,1896
6.7.2005	133,16	0,6786	1,19
7.7.2005	133,95	0,6872	1,2001
8.7.2005	133,83	0,687	1,1908
11.7.2005	134,48	0,688	1,2005
12.7.2005	135,21	0,6885	1,2166
13.7.2005	135,76	0,6895	1,2179
14.7.2005	135,29	0,6862	1,2072
15.7.2005	135,35	0,687	1,2093
18.7.2005	135,31	0,6901	1,205
19.7.2005	135	0,689	1,1977
20.7.2005	136,31	0,6943	1,2074
21.7.2005	136,4	0,6948	1,214
22.7.2005	134,99	0,6946	1,2145
25.7.2005	134,9	0,6937	1,2069
26.7.2005	134,57	0,6901	1,2009
27.7.2005	135,02	0,6901	1,199
28.7.2005	135,88	0,6914	1,2082
29.7.2005	135,8	0,6885	1,2093
1.8.2005	136,75	0,6915	1,2226
2.8.2005	136,19	0,6896	1,222
3.8.2005	136,93	0,6912	1,2302
4.8.2005	137,39	0,693	1,2328
5.8.2005	138	0,6949	1,2358
8.8.2005	138,13	0,6918	1,2369
9.8.2005	138,61	0,6937	1,236
10.8.2005	137,34	0,6902	1,2379
11.8.2005	136,79	0,6882	1,2408
12.8.2005	136,43	0,6865	1,2463
15.8.2005	135,55	0,6839	1,2371
16.8.2005	134,56	0,6809	1,2313
17.8.2005	135,02	0,6796	1,23
18.8.2005	134,91	0,6773	1,222
19.8.2005	134,56	0,6781	1,2179
22.8.2005	133,88	0,6789	1,2224
23.8.2005	134,73	0,6804	1,2235
24.8.2005	134,84	0,6808	1,2205
25.8.2005	135,13	0,6818	1,2293
26.8.2005	134,91	0,6816	1,2304
29.8.2005	135,99	0,6817	1,2296
30.8.2005	135,9	0,6828	1,2188
31.8.2005	136,25	0,6836	1,2191
1.9.2005	136,96	0,6843	1,2393
2.9.2005	137,53	0,6826	1,2554
5.9.2005	136,71	0,6784	1,2544
6.9.2005	136,83	0,6762	1,2479
7.9.2005	136,97	0,6774	1,2458
8.9.2005	137,16	0,6755	1,2401
9.9.2005	137,04	0,6759	1,239
12.9.2005	135,22	0,6732	1,2303
13.9.2005	136,08	0,6731	1,2275
14.9.2005	135,37	0,6734	1,2278
15.9.2005	134,86	0,6761	1,2224
16.9.2005	135,81	0,6762	1,2255
19.9.2005	135,13	0,6732	1,214
20.9.2005	135,59	0,6743	1,2164
21.9.2005	135,83	0,6744	1,221
22.9.2005	135,9	0,6781	1,2223
23.9.2005	135,09	0,678	1,2115
26.9.2005	135,56	0,6788	1,2045
27.9.2005	136,06	0,6802	1,2014
28.9.2005	136	0,681	1,2026
29.9.2005	136,03	0,6824	1,2055
30.9.2005	136,62	0,6822	1,2048
3.10.2005	136,07	0,6805	1,1934
4.10.2005	136,34	0,6787	1,1924
5.10.2005	136,03	0,6777	1,1954
6.10.2005	137,22	0,6808	1,2053
7.10.2005	137,76	0,687	1,2145
10.10.2005	138,04	0,6887	1,2114
11.10.2005	137,23	0,6856	1,2024
12.10.2005	137,53	0,6871	1,199
13.10.2005	137,62	0,6851	1,1983
14.10.2005	137,7	0,6855	1,1989
17.10.2005	138,03	0,6847	1,2032
18.10.2005	138,32	0,6839	1,1946
19.10.2005	138,24	0,6805	1,1965
20.10.2005	138,18	0,677	1,1963
21.10.2005	138,72	0,6874	1,2015
24.10.2005	138,22	0,6752	1,1937
25.10.2005	138,89	0,6771	1,2034
26.10.2005	139,38	0,6795	1,2073
27.10.2005	139,9	0,6793	1,2127
28.10.2005	140,04	0,682	1,2147
31.10.2005	139,71	0,6776	1,2041
1.11.2005	140,01	0,679	1,2015
2.11.2005	140,29	0,6795	1,1997
3.11.2005	140,95	0,6782	1,2054
4.11.2005	140,41	0,6761	1,1933
7.11.2005	139,13	0,6758	1,1818
8.11.2005	138,14	0,6759	1,1728
9.11.2005	137,97	0,6755	1,1742
10.11.2005	138,68	0,6736	1,1778
11.11.2005	138,17	0,6719	1,1696
14.11.2005	139,22	0,6727	1,1733
15.11.2005	139,08	0,673	1,1653
16.11.2005	139,5	0,677	1,1676
17.11.2005	138,8	0,68	1,1682
18.11.2005	139,23	0,6819	1,1684
21.11.2005	140,53	0,6868	1,1811
22.11.2005	139,58	0,6833	1,1698
23.11.2005	139,71	0,6839	1,1771
24.11.2005	140,05	0,6836	1,1792
25.11.2005	140,37	0,6833	1,1747
28.11.2005	140,27	0,6848	1,171
29.11.2005	140,8	0,6853	1,1817
30.11.2005	140,84	0,682	1,1773
1.12.2005	141,46	0,6812	1,177
2.12.2005	141,41	0,6777	1,1698
5.12.2005	142,2	0,6768	1,174
6.12.2005	142,63	0,6797	1,1772
7.12.2005	141,93	0,6757	1,1711
8.12.2005	141,77	0,6751	1,1773
9.12.2005	142,06	0,6745	1,1804
12.12.2005	143,25	0,6739	1,1877
13.12.2005	143,5	0,6745	1,1914
14.12.2005	142,53	0,6791	1,2019
15.12.2005	139,3	0,6777	1,2014
16.12.2005	139,37	0,6776	1,1985
19.12.2005	139,59	0,6805	1,2017
20.12.2005	139,53	0,6774	1,1973
21.12.2005	139,03	0,6785	1,187
22.12.2005	138,8	0,6804	1,1827
23.12.2005	138,25	0,683	1,185
26.12.2005	138,25	0,683	1,185
27.12.2005	138,8	0,6827	1,185
28.12.2005	139,72	0,6862	1,1919
29.12.2005	139,5	0,6875	1,184
30.12.2005	139,12	0,6869	1,1838
2.1.2006	139,54	0,6868	1,1835
3.1.2006	139,37	0,6876	1,1891
4.1.2006	140,22	0,6874	1,2069
5.1.2006	140,49	0,6889	1,2087
6.1.2006	140,45	0,6892	1,2091
9.1.2006	137,75	0,6837	1,2073
10.1.2006	138,19	0,6834	1,2092
11.1.2006	138,11	0,6874	1,2082
12.1.2006	137,96	0,6862	1,2134
13.1.2006	138,06	0,6822	1,2052
16.1.2006	139,15	0,6855	1,2129
17.1.2006	139,26	0,686	1,2076
18.1.2006	139,62	0,6858	1,2119
19.1.2006	139,12	0,688	1,208
20.1.2006	139,21	0,6856	1,2076
23.1.2006	140,26	0,6885	1,2279
24.1.2006	140,81	0,6881	1,2269
25.1.2006	141,29	0,6871	1,2307
26.1.2006	141,82	0,6856	1,2251
27.1.2006	142,22	0,6853	1,2176
30.1.2006	142,22	0,6847	1,2088
31.1.2006	141,77	0,6837	1,2103
1.2.2006	142,15	0,6814	1,2098
2.2.2006	142,96	0,6791	1,2057
3.2.2006	143,1	0,6797	1,2068
6.2.2006	142,35	0,6832	1,1973
7.2.2006	141,4	0,6854	1,1979
8.2.2006	141,51	0,6869	1,1965
9.2.2006	141,99	0,6881	1,1985
10.2.2006	140,67	0,6854	1,1972
13.2.2006	140,47	0,6833	1,1884
14.2.2006	139,62	0,6859	1,19
15.2.2006	139,95	0,6845	1,1905
16.2.2006	139,91	0,6838	1,1866
17.2.2006	140,87	0,6842	1,1874
20.2.2006	141,09	0,6848	1,1933
21.2.2006	141,57	0,6822	1,1903
22.2.2006	141,11	0,6825	1,1876
23.2.2006	139,97	0,682	1,1954
24.2.2006	138,95	0,6804	1,1904
27.2.2006	137,72	0,6817	1,1857
28.2.2006	138,15	0,6798	1,1882
1.3.2006	138,66	0,6794	1,1938
2.3.2006	138,72	0,6836	1,1941
3.3.2006	139,92	0,6849	1,2021
6.3.2006	141,04	0,6853	1,2037
7.3.2006	140,35	0,6854	1,1904
8.3.2006	140,48	0,6851	1,1909
9.3.2006	139,88	0,6859	1,1929
10.3.2006	141,06	0,6861	1,1823
13.3.2006	141,88	0,6908	1,1928
14.3.2006	141,26	0,6884	1,1946
15.3.2006	141,47	0,6892	1,203
16.3.2006	141,94	0,6909	1,2067
17.3.2006	141,54	0,694	1,2178
20.3.2006	141,44	0,6943	1,2166
21.3.2006	141,66	0,6941	1,2143
22.3.2006	141,45	0,6917	1,2078
23.3.2006	141,21	0,6925	1,2052
24.3.2006	141,43	0,6908	1,1961
27.3.2006	140,47	0,6885	1,2024
28.3.2006	140,79	0,6897	1,2055
29.3.2006	141,68	0,6917	1,2022
30.3.2006	141,65	0,6944	1,2067
31.3.2006	142,36	0,697	1,2097
3.4.2006	142,85	0,698	1,2062
4.4.2006	143,27	0,6971	1,2168
5.4.2006	143,99	0,6994	1,2257
6.4.2006	144,63	0,7	1,2305
7.4.2006	143,53	0,6961	1,2179
10.4.2006	143,37	0,694	1,2111
11.4.2006	143,7	0,6947	1,2107
12.4.2006	143,36	0,6922	1,2142
13.4.2006	143,48	0,6904	1,2098
14.4.2006	143,48	0,6904	1,2098
17.4.2006	143,48	0,6904	1,2098
18.4.2006	144,6	0,6919	1,226
19.4.2006	144,3	0,6914	1,2341
20.4.2006	145,04	0,6921	1,2326
21.4.2006	144,43	0,6921	1,2314
24.4.2006	142,38	0,6919	1,238
25.4.2006	141,86	0,694	1,2388
26.4.2006	143,08	0,6962	1,2407
27.4.2006	142,31	0,6969	1,2428
28.4.2006	143,24	0,6943	1,2553
1.5.2006	143,24	0,6943	1,2553
2.5.2006	143,63	0,6887	1,2637
3.5.2006	143,25	0,6877	1,2636
4.5.2006	143,52	0,6841	1,2595
5.5.2006	144,54	0,6856	1,2685
8.5.2006	141,74	0,6846	1,2761
9.5.2006	141,53	0,684	1,2686
10.5.2006	141,11	0,6867	1,2789
11.5.2006	141,29	0,6817	1,2717
12.5.2006	141,46	0,6811	1,2918
15.5.2006	141,3	0,681	1,2908
16.5.2006	141,33	0,681	1,2811
17.5.2006	140,78	0,6793	1,2894
18.5.2006	141,75	0,6773	1,2777
19.5.2006	142,74	0,6807	1,2766
22.5.2006	143,63	0,6806	1,2774
23.5.2006	143,06	0,682	1,2845
24.5.2006	143,72	0,6828	1,2864
25.5.2006	143,85	0,6828	1,2776
26.5.2006	143,36	0,6848	1,2812
29.5.2006	143,22	0,6857	1,2767
30.5.2006	144,07	0,685	1,2872
31.5.2006	144,17	0,6853	1,2876
1.6.2006	144,31	0,6844	1,276
2.6.2006	144,52	0,6869	1,2808
5.6.2006	144,82	0,6872	1,2955
6.6.2006	144,66	0,689	1,2878
7.6.2006	144,94	0,6872	1,2808
8.6.2006	145,3	0,6905	1,2765
9.6.2006	144,21	0,687	1,2651
12.6.2006	144,16	0,684	1,2602
13.6.2006	144,3	0,6837	1,2583
14.6.2006	144,58	0,683	1,257
15.6.2006	144,98	0,6829	1,2617
16.6.2006	145,45	0,6827	1,2658
19.6.2006	145,43	0,6821	1,2586
20.6.2006	144,62	0,6826	1,2561
21.6.2006	145,07	0,6853	1,2627
22.6.2006	145,59	0,6871	1,2598
23.6.2006	145,94	0,6885	1,2542
26.6.2006	145,99	0,69	1,2564
27.6.2006	146,54	0,6906	1,2569
28.6.2006	146,1	0,6901	1,2563
29.6.2006	145,92	0,691	1,2527
30.6.2006	145,74	0,6928	1,2715
3.7.2006	146,98	0,6936	1,2798
4.7.2006	146,53	0,6933	1,2794
5.7.2006	146,77	0,6924	1,2773
6.7.2006	147,05	0,6934	1,274
7.7.2006	146,6	0,6935	1,2776
10.7.2006	145,32	0,6925	1,2769
11.7.2006	145,75	0,6924	1,2739
12.7.2006	146,32	0,6909	1,2734
13.7.2006	146,4	0,6898	1,2686
14.7.2006	146,76	0,6877	1,2669
17.7.2006	146,82	0,6886	1,2533
18.7.2006	146,54	0,6856	1,2537
19.7.2006	147,08	0,6836	1,25
20.7.2006	147,51	0,6833	1,2626
21.7.2006	147,24	0,6823	1,2681
24.7.2006	147,22	0,6811	1,2617
25.7.2006	147,52	0,6833	1,2647
26.7.2006	147,08	0,6839	1,259
27.7.2006	147,31	0,6844	1,275
28.7.2006	146,57	0,6821	1,2669
31.7.2006	145,9	0,6838	1,2753
1.8.2006	146,39	0,6833	1,2767
2.8.2006	146,71	0,6826	1,2798
3.8.2006	146,75	0,6779	1,2752
4.8.2006	147,65	0,6767	1,2789
7.8.2006	147,79	0,6742	1,2866
8.8.2006	147,75	0,6739	1,2846
9.8.2006	148,15	0,6757	1,2897
10.8.2006	147,66	0,6758	1,2855
11.8.2006	148,29	0,6738	1,2775
14.8.2006	148,4	0,6743	1,2726
15.8.2006	148,25	0,6739	1,2724
16.8.2006	148,5	0,6766	1,2781
17.8.2006	148,38	0,6788	1,2871
18.8.2006	148,45	0,6808	1,2821
21.8.2006	149,07	0,6805	1,2892
22.8.2006	149,1	0,6789	1,2837
23.8.2006	149,08	0,6778	1,2814
24.8.2006	149,19	0,6773	1,2826
25.8.2006	149,68	0,6756	1,2766
28.8.2006	149,85	0,6762	1,2809
29.8.2006	149,52	0,6744	1,2804
30.8.2006	150,08	0,6741	1,282
31.8.2006	150,6	0,6738	1,286
1.9.2006	150,39	0,6734	1,2816
4.9.2006	149,31	0,6747	1,2861
5.9.2006	148,49	0,6756	1,2833
6.9.2006	149,2	0,679	1,2816
7.9.2006	148,12	0,6788	1,2763
8.9.2006	147,98	0,6791	1,2709
11.9.2006	149,28	0,6812	1,2719
12.9.2006	149,49	0,6783	1,2714
13.9.2006	149,19	0,6767	1,2684
14.9.2006	149,63	0,6745	1,2717
15.9.2006	149,17	0,6739	1,2682
18.9.2006	149,6	0,6751	1,2659
19.9.2006	148,82	0,6733	1,2657
20.9.2006	148,7	0,6735	1,2671
21.9.2006	148,79	0,6712	1,2745
22.9.2006	149,09	0,6733	1,2816
25.9.2006	148,95	0,6709	1,2767
26.9.2006	147,83	0,669	1,2696
27.9.2006	148,91	0,6715	1,2699
28.9.2006	149,48	0,6762	1,2719
29.9.2006	149,42	0,6777	1,2673
2.10.2006	150,06	0,6779	1,2692
3.10.2006	149,99	0,6744	1,2746
4.10.2006	149,75	0,674	1,2673
5.10.2006	149,55	0,6736	1,2708
6.10.2006	149,63	0,6761	1,2674
9.10.2006	150,04	0,6749	1,261
10.10.2006	150,09	0,6752	1,2556
11.10.2006	149,91	0,6757	1,2548
12.10.2006	149,87	0,676	1,2536
13.10.2006	149,81	0,6742	1,2551
16.10.2006	149,28	0,6728	1,2516
17.10.2006	148,66	0,6707	1,2528
18.10.2006	148,93	0,6699	1,254
19.10.2006	149,11	0,6722	1,2562
20.10.2006	149,14	0,67	1,2604
23.10.2006	149,64	0,6702	1,2549
24.10.2006	149,91	0,6708	1,254
25.10.2006	149,82	0,6699	1,2582
26.10.2006	150,28	0,6712	1,2647
27.10.2006	150,32	0,6707	1,2682
30.10.2006	149,41	0,669	1,2727
31.10.2006	149,64	0,668	1,2692
1.11.2006	149,3	0,6687	1,2769
2.11.2006	149,35	0,6694	1,2772
3.11.2006	149,64	0,6692	1,2775
6.11.2006	150,29	0,67	1,2699
7.11.2006	150,45	0,6697	1,2759
8.11.2006	150,38	0,6708	1,2796
9.11.2006	150,97	0,6701	1,2784
10.11.2006	151,09	0,6726	1,2878
13.11.2006	151,27	0,6733	1,2833
14.11.2006	150,98	0,6756	1,2824
15.11.2006	151,01	0,6776	1,2783
16.11.2006	151,13	0,6781	1,2808
17.11.2006	151,21	0,6773	1,277
20.11.2006	151,55	0,6775	1,2834
21.11.2006	151,3	0,6754	1,2816
22.11.2006	150,94	0,6751	1,2873
23.11.2006	150,71	0,6771	1,2954
24.11.2006	151,44	0,6773	1,3086
27.11.2006	152,24	0,6773	1,3118
28.11.2006	152,87	0,6763	1,3141
29.11.2006	152,85	0,6746	1,3162
30.11.2006	153,29	0,6741	1,3192
1.12.2006	153,81	0,6725	1,3236
4.12.2006	153,77	0,6731	1,3313
5.12.2006	152,64	0,6745	1,3315
6.12.2006	152,6	0,6756	1,3288
7.12.2006	152,84	0,6762	1,3293
8.12.2006	153,57	0,678	1,3283
11.12.2006	154,35	0,677	1,3189
12.12.2006	154,87	0,6749	1,3234
13.12.2006	155,38	0,673	1,3266
14.12.2006	155,04	0,6713	1,3189
15.12.2006	154,98	0,6702	1,3109
18.12.2006	154,24	0,6714	1,3095
19.12.2006	155,4	0,6708	1,3169
20.12.2006	156,13	0,6708	1,3221
21.12.2006	155,81	0,6716	1,3181
22.12.2006	156,24	0,6717	1,3194
25.12.2006	156,24	0,6717	1,3194
26.12.2006	156,24	0,6717	1,3194
27.12.2006	156,12	0,6709	1,3162
28.12.2006	156,2	0,671	1,3154
29.12.2006	156,64	0,6715	1,3181
1.1.2007	156,64	0,6715	1,3181
2.1.2007	157,75	0,6739	1,3268
3.1.2007	157,87	0,6745	1,3223
4.1.2007	156,39	0,6739	1,3106
5.1.2007	154,77	0,6745	1,3062
8.1.2007	154,19	0,6731	1,3012
9.1.2007	155,29	0,6704	1,3022
10.1.2007	154,91	0,6702	1,3
11.1.2007	156,06	0,6655	1,2968
12.1.2007	155,44	0,6615	1,2904
15.1.2007	156,02	0,6588	1,2954
16.1.2007	156,21	0,6597	1,2977
17.1.2007	155,59	0,6568	1,2912
18.1.2007	157,04	0,6564	1,294
19.1.2007	157,13	0,6564	1,2962
22.1.2007	157,55	0,6557	1,2947
23.1.2007	158,19	0,6553	1,3025
24.1.2007	157,95	0,6587	1,3007
25.1.2007	156,93	0,6588	1,2992
26.1.2007	156,8	0,6579	1,29
29.1.2007	157,47	0,6605	1,2919
30.1.2007	157,89	0,6596	1,2959
31.1.2007	157,18	0,6627	1,2939
1.2.2007	156,85	0,6614	1,3013
2.2.2007	157,56	0,6618	1,3026
5.2.2007	156,15	0,6607	1,2931
6.2.2007	155,6	0,6576	1,2944
7.2.2007	156,75	0,6586	1,2991
8.2.2007	157,56	0,66	1,2995
9.2.2007	158,11	0,6679	1,3004
12.2.2007	157,98	0,6657	1,2952
13.2.2007	157,85	0,6698	1,3009
14.2.2007	158,32	0,6689	1,3077
15.2.2007	157,71	0,6707	1,3135
16.2.2007	156,43	0,6732	1,3123
19.2.2007	157,18	0,6752	1,3134
20.2.2007	158,02	0,6741	1,3141
21.2.2007	158,65	0,6734	1,3136
22.2.2007	158,81	0,6714	1,309
23.2.2007	159,23	0,6697	1,3118
26.2.2007	158,7	0,67	1,316
27.2.2007	157,75	0,6725	1,3219
28.2.2007	156,39	0,6739	1,3193
1.3.2007	155,97	0,6732	1,3223
2.3.2007	154,16	0,6754	1,3164
5.3.2007	151,35	0,6813	1,3099
6.3.2007	152,82	0,6803	1,312
7.3.2007	152,82	0,6808	1,3122
8.3.2007	153,92	0,6796	1,315
9.3.2007	154,23	0,6808	1,315
12.3.2007	155,31	0,6796	1,3178
13.3.2007	154,12	0,6833	1,3188
14.3.2007	153,39	0,6852	1,3195
15.3.2007	155,07	0,6826	1,3222
16.3.2007	155,37	0,6843	1,3323
19.3.2007	156,16	0,6835	1,3297
20.3.2007	156,45	0,6792	1,3288
21.3.2007	156,48	0,6788	1,3298
22.3.2007	157,35	0,6785	1,3366
23.3.2007	156,72	0,6773	1,3312
26.3.2007	156,78	0,6764	1,3268
27.3.2007	157,81	0,6789	1,3344
28.3.2007	156,45	0,6793	1,3337
29.3.2007	156,8	0,6795	1,3343
30.3.2007	157,09	0,6797	1,3307
2.4.2007	157,16	0,6766	1,3357
3.4.2007	158,48	0,6765	1,3364
4.4.2007	158,78	0,6764	1,3352
5.4.2007	158,75	0,6778	1,3362
6.4.2007	158,75	0,6778	1,3362
9.4.2007	158,75	0,6778	1,3362
10.4.2007	159,9	0,6801	1,3415
11.4.2007	159,94	0,6786	1,3419
12.4.2007	160,67	0,681	1,3453
13.4.2007	160,18	0,6816	1,3539
16.4.2007	162,05	0,6805	1,3558
17.4.2007	161,71	0,6764	1,3544
18.4.2007	161,38	0,6767	1,3606
19.4.2007	160,11	0,6796	1,3586
20.4.2007	161,47	0,6789	1,3607
23.4.2007	160,7	0,6777	1,3551
24.4.2007	161,33	0,6788	1,3573
25.4.2007	161,85	0,6808	1,3647
26.4.2007	162,35	0,6812	1,3611
27.4.2007	162,74	0,6825	1,3634
30.4.2007	162,68	0,6828	1,3616
1.5.2007	162,68	0,6828	1,3616
2.5.2007	163,08	0,6819	1,3563
3.5.2007	163,44	0,6833	1,3606
4.5.2007	163,24	0,6825	1,3566
7.5.2007	163,19	0,6819	1,3608
8.5.2007	162,46	0,6805	1,3551
9.5.2007	162,48	0,6794	1,3533
10.5.2007	162,91	0,6811	1,3539
11.5.2007	161,4	0,6815	1,3483
14.5.2007	163,09	0,6836	1,3551
15.5.2007	162,86	0,685	1,3533
16.5.2007	163,85	0,6853	1,3597
17.5.2007	163,78	0,6841	1,3517
18.5.2007	162,69	0,6839	1,3472
21.5.2007	163,47	0,683	1,3444
22.5.2007	163,42	0,6821	1,3452
23.5.2007	163,7	0,6788	1,3454
24.5.2007	163,14	0,6769	1,3441
25.5.2007	163,51	0,677	1,3436
28.5.2007	163,75	0,6787	1,3457
29.5.2007	163,83	0,6791	1,3485
30.5.2007	163,38	0,6797	1,3428
31.5.2007	163,48	0,6799	1,3441
1.6.2007	163,89	0,6789	1,3432
4.6.2007	164,22	0,6778	1,3467
5.6.2007	164,5	0,6782	1,3512
6.6.2007	163,65	0,6786	1,3515
7.6.2007	163,46	0,6779	1,3474
8.6.2007	162,25	0,6795	1,3339
11.6.2007	162,48	0,6789	1,3344
12.6.2007	162,57	0,6759	1,3345
13.6.2007	162,47	0,6742	1,3269
14.6.2007	163,56	0,6757	1,3308
15.6.2007	164,4	0,6754	1,3315
18.6.2007	165,45	0,6765	1,3401
19.6.2007	165,52	0,675	1,3397
20.6.2007	165,96	0,6744	1,3436
21.6.2007	165,46	0,6725	1,3384
22.6.2007	166,53	0,6729	1,3425
25.6.2007	166,09	0,6737	1,3461
26.6.2007	165,49	0,6732	1,3465
27.6.2007	164,63	0,6732	1,3443
28.6.2007	165,61	0,6725	1,3465
29.6.2007	166,58	0,6731	1,3501
2.7.2007	166,53	0,6754	1,3579
3.7.2007	166,5	0,6749	1,3588
4.7.2007	166,74	0,6744	1,3608
5.7.2007	167,2	0,6772	1,3641
6.7.2007	167,52	0,6764	1,3593
9.7.2007	168,2	0,6764	1,3627
10.7.2007	168,25	0,6773	1,3645
11.7.2007	167,43	0,6774	1,375
12.7.2007	168,44	0,678	1,379
13.7.2007	168,52	0,678	1,3768
16.7.2007	167,81	0,6765	1,3791
17.7.2007	168,03	0,6738	1,3776
18.7.2007	168,26	0,673	1,3784
19.7.2007	168,62	0,6745	1,3814
20.7.2007	168,71	0,6722	1,3788
23.7.2007	167,4	0,6715	1,3808
24.7.2007	166,87	0,6705	1,3815
25.7.2007	165,37	0,6692	1,3726
26.7.2007	164,98	0,67	1,3718
27.7.2007	162,4	0,6721	1,3656
30.7.2007	161,68	0,6756	1,3671
31.7.2007	163,46	0,6741	1,3694
1.8.2007	161,3	0,6747	1,3661
2.8.2007	162,32	0,6728	1,3663
3.8.2007	161,3	0,6747	1,3661
6.8.2007	162,73	0,6796	1,3797
7.8.2007	163,59	0,6802	1,3787
8.8.2007	164,35	0,6783	1,3774
9.8.2007	163,21	0,6773	1,3739
10.8.2007	160,66	0,6769	1,3654
13.8.2007	160,95	0,678	1,3652
14.8.2007	160,7	0,6789	1,3579
15.8.2007	157,27	0,6772	1,3475
16.8.2007	153,1	0,6766	1,3398
17.8.2007	152,59	0,6804	1,3446
20.8.2007	155,24	0,6787	1,3491
21.8.2007	155	0,6807	1,3504
22.8.2007	155,18	0,678	1,3492
23.8.2007	158,55	0,6773	1,3583
24.8.2007	157,68	0,6793	1,3599
27.8.2007	158,79	0,6776	1,3666
28.8.2007	157,92	0,6795	1,3669
29.8.2007	156,7	0,6765	1,3625
30.8.2007	157,09	0,6782	1,3615
31.8.2007	159,2	0,6767	1,3667
3.9.2007	158,12	0,6757	1,3635
4.9.2007	156,77	0,6749	1,3583
5.9.2007	157,22	0,6762	1,3593
6.9.2007	157,2	0,675	1,3655
7.9.2007	157,76	0,6767	1,3684
10.9.2007	156,8	0,6789	1,3785
11.9.2007	156,98	0,6808	1,3821
12.9.2007	158,12	0,6821	1,3874
13.9.2007	159,53	0,6855	1,3882
14.9.2007	159,53	0,6895	1,3879
17.9.2007	159,38	0,6943	1,3871
18.9.2007	159,71	0,6966	1,3863
19.9.2007	161,6	0,6988	1,3953
20.9.2007	162,02	0,6991	1,4028
21.9.2007	162,4	0,6978	1,4059
24.9.2007	162,27	0,6975	1,4118
25.9.2007	161,28	0,7012	1,4092
26.9.2007	162,88	0,7028	1,4136
27.9.2007	163,57	0,6994	1,4155
28.9.2007	163,57	0,6985	1,4182
1.10.2007	164,76	0,6978	1,4234
2.10.2007	163,78	0,6941	1,4149
3.10.2007	164,8	0,6954	1,4183
4.10.2007	164,65	0,6939	1,4111
5.10.2007	164,59	0,6928	1,4128
8.10.2007	165,4	0,6915	1,4083
9.10.2007	164,63	0,6915	1,4031
10.10.2007	166,13	0,6921	1,4149
11.10.2007	166,83	0,6964	1,4204
12.10.2007	166,65	0,6997	1,4184
15.10.2007	167,68	0,6969	1,4236
16.10.2007	163,2	0,6967	1,4154
17.10.2007	165,55	0,6965	1,4166
18.10.2007	165,5	0,6972	1,426
19.10.2007	165,26	0,6971	1,429
22.10.2007	161,44	0,698	1,4212
23.10.2007	162,87	0,6967	1,4217
24.10.2007	162,52	0,6942	1,4218
25.10.2007	163,44	0,6977	1,4304
26.10.2007	164,31	0,7003	1,4369
29.10.2007	165,27	0,6989	1,4407
30.10.2007	165,15	0,6967	1,4388
31.10.2007	166,41	0,6975	1,4456
1.11.2007	167,21	0,6929	1,4427
2.11.2007	166,07	0,6945	1,4486
5.11.2007	165,25	0,6949	1,4467
6.11.2007	166,86	0,6966	1,4541
7.11.2007	165,9	0,6984	1,4674
8.11.2007	165,8	0,6978	1,4665
9.11.2007	163,05	0,6992	1,4679
12.11.2007	159,3	0,7028	1,4562
13.11.2007	160,71	0,7052	1,4597
14.11.2007	163,03	0,7109	1,469
15.11.2007	161,95	0,7153	1,4627
16.11.2007	161,1	0,716	1,4594
19.11.2007	161,26	0,7133	1,4641
20.11.2007	163,02	0,7165	1,4776
21.11.2007	160,59	0,7184	1,4789
22.11.2007	161,17	0,7184	1,4828
23.11.2007	159,82	0,7192	1,4817
26.11.2007	161,23	0,7176	1,4849
27.11.2007	160,49	0,7175	1,4849
28.11.2007	161,64	0,7141	1,4734
29.11.2007	162,05	0,7146	1,4733
30.11.2007	163,43	0,7146	1,4766
3.12.2007	161,75	0,7099	1,4644
4.12.2007	161,55	0,7146	1,4738
5.12.2007	162,06	0,7222	1,4717
6.12.2007	161,59	0,7213	1,455
7.12.2007	163,45	0,7204	1,4644
10.12.2007	164,17	0,7196	1,4683
11.12.2007	164,25	0,7163	1,4676
12.12.2007	163,21	0,7186	1,4686
13.12.2007	164,24	0,719	1,4691
14.12.2007	163,54	0,7158	1,4501
17.12.2007	163,05	0,7123	1,4375
18.12.2007	163,24	0,7145	1,4393
19.12.2007	162,58	0,7184	1,4386
20.12.2007	162,1	0,7201	1,432
21.12.2007	162,89	0,7231	1,4365
24.12.2007	162,89	0,7231	1,4365
25.12.2007	162,89	0,7231	1,4365
26.12.2007	162,89	0,7231	1,4365
27.12.2007	166,13	0,7299	1,4515
28.12.2007	166,01	0,7355	1,4701
31.12.2007	166,01	0,7355	1,4701
1.1.2008	166,01	0,7355	1,4701
2.1.2008	163,67	0,7402	1,4689
3.1.2008	160,06	0,7468	1,4772
4.1.2008	161,05	0,7446	1,4714
7.1.2008	160,57	0,7443	1,4695
8.1.2008	161,19	0,7448	1,4714
9.1.2008	160,9	0,7489	1,4704
10.1.2008	161,08	0,7467	1,4674
11.1.2008	160,84	0,7552	1,4774
14.1.2008	160,09	0,7586	1,4894
15.1.2008	160,24	0,7573	1,4869
16.1.2008	156,84	0,755	1,4771
17.1.2008	156,89	0,7462	1,4653
18.1.2008	157,3	0,7482	1,4647
21.1.2008	153,18	0,743	1,4483
22.1.2008	154,1	0,7422	1,451
23.1.2008	154,22	0,746	1,4576
24.1.2008	156,48	0,7479	1,4675
25.1.2008	158,14	0,7432	1,4706
28.1.2008	156,73	0,7425	1,4728
29.1.2008	157,85	0,7419	1,4787
30.1.2008	158,38	0,7429	1,4817
31.1.2008	157,98	0,7458	1,4876
1.2.2008	158,68	0,7489	1,4903
4.2.2008	158,47	0,7499	1,4813
5.2.2008	157,97	0,7456	1,468
6.2.2008	155,65	0,7466	1,4622
7.2.2008	155,58	0,7493	1,4621
8.2.2008	155,84	0,7434	1,448
11.2.2008	155,2	0,746	1,4545
12.2.2008	155,55	0,7444	1,453
13.2.2008	156,88	0,7425	1,4582
14.2.2008	158,19	0,7424	1,4608
15.2.2008	158,37	0,7481	1,4674
18.2.2008	158,33	0,7502	1,4629
19.2.2008	158,43	0,7557	1,4742
20.2.2008	158,33	0,7555	1,4671
21.2.2008	159,21	0,7521	1,4712
22.2.2008	158,67	0,7539	1,4832
25.2.2008	159,68	0,7535	1,4805
26.2.2008	160,61	0,7548	1,4876
27.2.2008	159,97	0,7574	1,5042
28.2.2008	160,65	0,7621	1,509
29.2.2008	158,28	0,7658	1,5189
3.3.2008	156,39	0,7658	1,5189
4.3.2008	156,68	0,7655	1,5213
5.3.2008	157,72	0,7676	1,5195
6.3.2008	158,4	0,7672	1,532
7.3.2008	157,11	0,7654	1,542
10.3.2008	157	0,7603	1,5361
11.3.2008	158,01	0,7677	1,548
12.3.2008	158,48	0,767	1,5457
13.3.2008	156,25	0,7651	1,5587
14.3.2008	156,41	0,7681	1,5559
17.3.2008	152,54	0,7873	1,5786
18.3.2008	153,95	0,785	1,5815
19.3.2008	155,37	0,7861	1,5699
20.3.2008	153,8	0,7797	1,545
21.3.2008	153,8	0,7797	1,545
24.3.2008	153,8	0,7797	1,545
25.3.2008	156,41	0,7817	1,5583
26.3.2008	155,99	0,7873	1,5725
27.3.2008	157,09	0,7826	1,5795
28.3.2008	157,88	0,7917	1,5827
31.3.2008	157,52	0,7955	1,581
1.4.2008	157,15	0,7893	1,5642
2.4.2008	159,74	0,7888	1,5639
3.4.2008	159,85	0,7853	1,5563
4.4.2008	160,9	0,7865	1,5736
7.4.2008	161,01	0,7905	1,5704
8.4.2008	160,81	0,7983	1,5734
9.4.2008	161,19	0,7986	1,5714
10.4.2008	159,6	0,801	1,5873
11.4.2008	160,5	0,8018	1,5819
14.4.2008	159,53	0,7999	1,5826
15.4.2008	159,91	0,8046	1,5833
16.4.2008	161,12	0,8071	1,594
17.4.2008	163,04	0,8036	1,5929
18.4.2008	163,72	0,7928	1,5847
21.4.2008	164,07	0,8014	1,5896
22.4.2008	164,62	0,8017	1,5926
23.4.2008	164,41	0,8015	1,5954
24.4.2008	162,96	0,7973	1,575
25.4.2008	162,82	0,786	1,5601
28.4.2008	163,64	0,7877	1,5667
29.4.2008	162,17	0,7891	1,5573
30.4.2008	161,83	0,7909	1,5544
1.5.2008	161,83	0,7909	1,5544
2.5.2008	161,83	0,7783	1,5458
5.5.2008	162,73	0,7854	1,546
6.5.2008	162,72	0,7885	1,5516
7.5.2008	162,62	0,7888	1,5424
8.5.2008	160	0,7837	1,5351
9.5.2008	159,23	0,7923	1,5458
12.5.2008	160,45	0,7883	1,5444
13.5.2008	160,52	0,794	1,5464
14.5.2008	162,26	0,7953	1,5429
15.5.2008	162,63	0,7973	1,5498
16.5.2008	161,91	0,7936	1,5463
19.5.2008	162,14	0,7965	1,5574
20.5.2008	162,64	0,7963	1,5646
21.5.2008	162,66	0,8021	1,5767
22.5.2008	162,77	0,7957	1,5747
23.5.2008	162,87	0,7944	1,573
26.5.2008	162,87	0,7967	1,5749
27.5.2008	163,52	0,7972	1,5762
28.5.2008	164,1	0,7932	1,5679
29.5.2008	163,57	0,7872	1,5555
30.5.2008	163,71	0,7864	1,551
2.6.2008	162,95	0,7921	1,554
3.6.2008	162,64	0,7823	1,5593
4.6.2008	161,95	0,7903	1,547
5.6.2008	163,37	0,7902	1,5395
6.6.2008	165,53	0,7964	1,5594
9.6.2008	166,95	0,7992	1,5786
10.6.2008	165,7	0,792	1,5504
11.6.2008	166,32	0,7916	1,5491
12.6.2008	166,08	0,7923	1,5424
13.6.2008	165,97	0,7888	1,5325
16.6.2008	167,53	0,7877	1,5466
17.6.2008	167,68	0,7944	1,5498
18.6.2008	167,6	0,7939	1,5484
19.6.2008	166,82	0,7862	1,5483
20.6.2008	167,85	0,79	1,5607
23.6.2008	167,26	0,7915	1,5527
24.6.2008	167,93	0,792	1,5555
25.6.2008	168,28	0,7896	1,5582
26.6.2008	169,32	0,7922	1,5713
27.6.2008	167,55	0,7929	1,575
30.6.2008	166,42	0,7924	1,5791
1.7.2008	166,63	0,7909	1,581
2.7.2008	168,4	0,7946	1,5779
3.7.2008	168,89	0,7999	1,5897
4.7.2008	167,42	0,7916	1,5684
7.7.2008	168,32	0,7962	1,5667
8.7.2008	167,61	0,7951	1,5696
9.7.2008	168,69	0,7962	1,5714
10.7.2008	168,42	0,7951	1,5709
11.7.2008	169,14	0,7994	1,5808
14.7.2008	169,12	0,7983	1,5854
15.7.2008	167,7	0,7962	1,6016
16.7.2008	165,5	0,7952	1,594
17.7.2008	167,18	0,7918	1,5853
18.7.2008	168,99	0,7939	1,5852
21.7.2008	169,54	0,7951	1,5889
22.7.2008	169,31	0,7941	1,591
23.7.2008	169,58	0,7875	1,5731
24.7.2008	168,92	0,7894	1,5679
25.7.2008	168,8	0,7884	1,5751
28.7.2008	169,6	0,7929	1,5762
29.7.2008	169,38	0,7903	1,5728
30.7.2008	168	0,7871	1,5589
31.7.2008	168,94	0,788	1,5613
1.8.2008	167,41	0,7881	1,5564
4.8.2008	168,43	0,7924	1,5594
5.8.2008	167,13	0,7929	1,5491
6.8.2008	168,03	0,7919	1,5472
7.8.2008	169,26	0,793	1,5469
8.8.2008	166,03	0,7862	1,5114
11.8.2008	164,8	0,7816	1,5018
12.8.2008	164,08	0,7829	1,4888
13.8.2008	161,96	0,7929	1,4869
14.8.2008	163,52	0,7963	1,49
15.8.2008	162,66	0,7922	1,472
18.8.2008	162,12	0,7883	1,4708
19.8.2008	161,33	0,7893	1,4697
20.8.2008	161,95	0,7928	1,4711
21.8.2008	160,62	0,7931	1,4774
22.8.2008	162,23	0,7986	1,4838
25.8.2008	162,16	0,7983	1,4773
26.8.2008	160,24	0,7954	1,4581
27.8.2008	160,56	0,7992	1,4757
28.8.2008	161,3	0,8052	1,4775
29.8.2008	160,1	0,8048	1,4719
1.9.2008	157,75	0,8111	1,4619
2.9.2008	157,71	0,8135	1,4492
3.9.2008	156,77	0,8139	1,4419
4.9.2008	156,9	0,8147	1,4475
5.9.2008	150,94	0,808	1,4203
8.9.2008	154,77	0,8069	1,4218
9.9.2008	153,2	0,8031	1,4175
10.9.2008	151,4	0,8025	1,4099
11.9.2008	148,9	0,7967	1,3941
12.9.2008	151,45	0,7968	1,4092
15.9.2008	149,4	0,7927	1,4186
16.9.2008	147,61	0,7961	1,4176
17.9.2008	150,22	0,7947	1,4195
18.9.2008	151,61	0,7948	1,4489
19.9.2008	152,97	0,791	1,422
22.9.2008	154,86	0,7911	1,4572
23.9.2008	155,74	0,7945	1,4782
24.9.2008	155,6	0,7902	1,4653
25.9.2008	155,4	0,7906	1,4664
26.9.2008	153,8	0,7929	1,4588
29.9.2008	152,4	0,7964	1,4351
30.9.2008	150,55	0,7961	1,4329
1.10.2008	150,1	0,7942	1,4149
2.10.2008	146,48	0,7886	1,3883
3.10.2008	145,55	0,7837	1,3867
6.10.2008	139,88	0,7727	1,3569
7.10.2008	138,25	0,7787	1,357
8.10.2008	135,5	0,7819	1,363
9.10.2008	137,85	0,792	1,3692
10.10.2008	133,98	0,7995	1,3538
13.10.2008	136,58	0,7868	1,3591
14.10.2008	140,94	0,7816	1,3729
15.10.2008	138,8	0,779	1,367
16.10.2008	135,15	0,7813	1,347
17.10.2008	134,93	0,7745	1,3401
20.10.2008	137,14	0,7719	1,3446
21.10.2008	133,65	0,7762	1,3211
22.10.2008	126,91	0,7844	1,2856
23.10.2008	124,75	0,7894	1,2808
24.10.2008	116,18	0,8103	1,2596
27.10.2008	116,08	0,8083	1,244
28.10.2008	119,86	0,7983	1,2564
29.10.2008	124,23	0,796	1,2778
30.10.2008	128,83	0,793	1,3067
31.10.2008	124,13	0,787	1,2719
3.11.2008	127,39	0,7929	1,2847
4.11.2008	127,31	0,8058	1,2788
5.11.2008	128,55	0,809	1,296
6.11.2008	126,05	0,8148	1,2887
7.11.2008	124,03	0,8115	1,2755
10.11.2008	128,1	0,8178	1,2912
11.11.2008	124,69	0,8177	1,2733
12.11.2008	122,75	0,8232	1,2576
13.11.2008	120,2	0,8403	1,2524
14.11.2008	123,16	0,8571	1,27
17.11.2008	121,91	0,8478	1,2646
18.11.2008	121,31	0,8402	1,2625
19.11.2008	121,14	0,8379	1,2622
20.11.2008	119,74	0,8441	1,2531
21.11.2008	119,27	0,8399	1,2577
24.11.2008	121	0,8466	1,2685
25.11.2008	123,91	0,8518	1,2876
26.11.2008	123,6	0,8449	1,2946
27.11.2008	123,9	0,8356	1,2892
28.11.2008	121,87	0,8343	1,2794
1.12.2008	118,89	0,8422	1,2672
2.12.2008	117,89	0,8541	1,2641
3.12.2008	117,62	0,8578	1,2638
4.12.2008	116,88	0,8663	1,2633
5.12.2008	117,16	0,8651	1,269
8.12.2008	120,24	0,863	1,2869
9.12.2008	119,05	0,8696	1,2841
10.12.2008	120,05	0,8726	1,2939
11.12.2008	121,51	0,8835	1,3188
12.12.2008	120,38	0,8928	1,3325
15.12.2008	122,41	0,9003	1,3474
16.12.2008	122,98	0,896	1,3665
17.12.2008	124,8	0,9138	1,4097
18.12.2008	129,5	0,9439	1,4621
19.12.2008	124,73	0,9342	1,3954
22.12.2008	125,79	0,9444	1,3978
23.12.2008	126,01	0,947	1,3993
24.12.2008	126,01	0,947	1,3993
25.12.2008	126,01	0,947	1,3993
26.12.2008	126,01	0,947	1,3993
29.12.2008	129,02	0,9773	1,4335
30.12.2008	127,82	0,9773	1,4173
31.12.2008	127,82	0,9773	1,4173
1.1.2009	127,82	0,9773	1,4173
2.1.2009	127,15	0,9619	1,3936
5.1.2009	127,29	0,9408	1,3646
6.1.2009	125,66	0,913	1,3338
7.1.2009	126,9	0,9121	1,3618
8.1.2009	124,29	0,9	1,3565
9.1.2009	124,58	0,8677	1,372
12.1.2009	120,65	0,8953	1,3415
13.1.2009	118,63	0,9115	1,3301
14.1.2009	118,33	0,9104	1,3231
15.1.2009	117,39	0,9023	1,318
16.1.2009	120,58	0,89	1,3294
19.1.2009	120	0,9046	1,3243
20.1.2009	117,12	0,9313	1,2957
21.1.2009	116,17	0,9389	1,2919
22.1.2009	115,3	0,9445	1,2998
23.1.2009	113,08	0,9421	1,2801
26.1.2009	115,95	0,935	1,2961
27.1.2009	117,6	0,9378	1,3184
28.1.2009	118,55	0,9273	1,3272
29.1.2009	117,77	0,916	1,3124
30.1.2009	114,94	0,896	1,2814
2.2.2009	113,92	0,905	1,2789
3.2.2009	115,19	0,9033	1,286
4.2.2009	114,68	0,8952	1,2871
5.2.2009	115,49	0,8878	1,2861
6.2.2009	116,62	0,8733	1,2792
9.2.2009	118,76	0,8696	1,2959
10.2.2009	118,12	0,8767	1,2963
11.2.2009	116,38	0,9018	1,2936
12.2.2009	115,5	0,9039	1,2822
13.2.2009	117,75	0,8862	1,2865
16.2.2009	117,06	0,8947	1,2755
17.2.2009	115,99	0,8859	1,2622
18.2.2009	116,76	0,8861	1,2605
19.2.2009	118,6	0,8798	1,2672
20.2.2009	118,72	0,8833	1,2631
23.2.2009	121,62	0,8773	1,2832
24.2.2009	122,5	0,8808	1,2791
25.2.2009	123,4	0,8892	1,2771
26.2.2009	125,07	0,8967	1,2782
27.2.2009	123,59	0,8917	1,2658
2.3.2009	122,4	0,8926	1,2601
3.3.2009	123	0,8986	1,2592
4.3.2009	124,33	0,8895	1,2521
5.3.2009	124,46	0,8912	1,2562
6.3.2009	123,13	0,8912	1,2679
9.3.2009	124,53	0,908	1,2586
10.3.2009	125,12	0,9183	1,271
11.3.2009	125,52	0,9238	1,2759
12.3.2009	123,67	0,9286	1,2807
13.3.2009	126,45	0,9183	1,2883
16.3.2009	128,41	0,9193	1,3035
17.3.2009	128,24	0,9263	1,2985
18.3.2009	128,46	0,9394	1,3034
19.3.2009	129,03	0,9417	1,3618
20.3.2009	129,6	0,941	1,3572
23.3.2009	131,87	0,9321	1,3631
24.3.2009	132,98	0,9187	1,3522
25.3.2009	131,9	0,9265	1,3504
26.3.2009	133,71	0,9338	1,3604
27.3.2009	129,6	0,932	1,3315
30.3.2009	127,37	0,9294	1,3166
31.3.2009	131,15	0,9301	1,3334
1.4.2009	131,3	0,9211	1,3261
2.4.2009	133,29	0,9105	1,3349
3.4.2009	134,1	0,9112	1,343
6.4.2009	136,93	0,9069	1,3528
7.4.2009	132,39	0,9053	1,3237
8.4.2009	132,36	0,9012	1,3254
9.4.2009	132,9	0,9043	1,3276
10.4.2009	132,9	0,9043	1,3276
13.4.2009	132,9	0,9043	1,3276
14.4.2009	132,57	0,891	1,328
15.4.2009	131,52	0,8842	1,3267
16.4.2009	130,09	0,8861	1,3156
17.4.2009	129,74	0,8828	1,3071
20.4.2009	127,9	0,8899	1,2965
21.4.2009	126,93	0,89	1,294
22.4.2009	126,75	0,8845	1,2947
23.4.2009	128,15	0,8984	1,3051
24.4.2009	128,38	0,906	1,3242
27.4.2009	126,82	0,9013	1,3128
28.4.2009	125,13	0,8924	1,3007
29.4.2009	128,44	0,897	1,3245
30.4.2009	130,34	0,8962	1,3278
1.5.2009	130,34	0,8962	1,3278
4.5.2009	131,5	0,8924	1,324
5.5.2009	132,69	0,8871	1,3391
6.5.2009	130,97	0,8825	1,3318
7.5.2009	132,24	0,88	1,332
8.5.2009	133,13	0,891	1,3399
11.5.2009	133,05	0,8996	1,3592
12.5.2009	132,73	0,8928	1,3634
13.5.2009	131,1	0,9006	1,3658
14.5.2009	129,27	0,8997	1,3561
15.5.2009	128,79	0,8933	1,3553
18.5.2009	128,94	0,8836	1,3468
19.5.2009	131,41	0,8794	1,3638
20.5.2009	131,04	0,8825	1,3668
21.5.2009	131,05	0,8802	1,3783
22.5.2009	131,37	0,8795	1,3975
25.5.2009	132,95	0,8799	1,3986
26.5.2009	131,76	0,8766	1,3871
27.5.2009	132,84	0,8707	1,3949
28.5.2009	134,54	0,8694	1,3879
29.5.2009	135,09	0,8732	1,4098
1.6.2009	134,79	0,8682	1,4227
2.6.2009	136,06	0,8649	1,4228
3.6.2009	136,64	0,8604	1,4241
4.6.2009	136,81	0,8657	1,4167
5.6.2009	137,31	0,8812	1,4173
8.6.2009	136,28	0,8726	1,3827
9.6.2009	136,51	0,8624	1,3879
10.6.2009	137,9	0,8604	1,4078
11.6.2009	137,32	0,8514	1,4005
12.6.2009	137,83	0,8524	1,4032
15.6.2009	136,12	0,8484	1,3862
16.6.2009	134,2	0,8455	1,3878
17.6.2009	133,44	0,8529	1,3851
18.6.2009	133,43	0,8585	1,3932
19.6.2009	135,02	0,8478	1,3938
22.6.2009	132,94	0,842	1,3843
23.6.2009	133,39	0,8566	1,3964
24.6.2009	133,91	0,8489	1,4069
25.6.2009	134,34	0,8571	1,3927
26.6.2009	134,37	0,8555	1,4087
29.6.2009	133,97	0,8488	1,4053
30.6.2009	133,97	0,8488	1,4053
1.7.2009	136,26	0,8554	1,406
2.7.2009	136,06	0,859	1,4065
3.7.2009	134,23	0,8574	1,3986
6.7.2009	132,26	0,8621	1,389
7.7.2009	133,4	0,8645	1,4016
8.7.2009	131,22	0,8669	1,3923
9.7.2009	129,62	0,863	1,3959
10.7.2009	128,98	0,8585	1,3899
13.7.2009	128,9	0,8685	1,3986
14.7.2009	130,13	0,857	1,3981
15.7.2009	131,64	0,8588	1,4077
16.7.2009	132,49	0,8591	1,4114
17.7.2009	132,12	0,8655	1,4091
20.7.2009	134,38	0,8601	1,4217
21.7.2009	133,93	0,866	1,4207
22.7.2009	132,56	0,8656	1,419
23.7.2009	134,1	0,8618	1,4207
24.7.2009	135,11	0,8644	1,4243
27.7.2009	135,84	0,8676	1,4278
28.7.2009	135,23	0,8647	1,4271
29.7.2009	134,21	0,8634	1,4141
30.7.2009	133,81	0,8533	1,4069
31.7.2009	135,22	0,8534	1,413
3.8.2009	135,63	0,8486	1,4291
4.8.2009	136,16	0,8499	1,4381
5.8.2009	137,33	0,8473	1,4398
6.8.2009	137,5	0,85	1,4383
7.8.2009	136,7	0,8581	1,436
10.8.2009	137,92	0,8543	1,4205
11.8.2009	136,83	0,8608	1,4168
12.8.2009	135,75	0,8609	1,4165
13.8.2009	137,27	0,8583	1,4265
14.8.2009	135,62	0,8624	1,4273
